xof 0303txt 0032

template XSkinMeshHeader {
  <3cf169ce-ff7c-44ab-93c0-f78f62d172e2>
  WORD nMaxSkinWeightsPerVertex;
  WORD nMaxSkinWeightsPerFace;
  WORD nBones;
}

template SkinWeights {
  <6f0d123b-bad2-4167-a0d0-80224f25fabb>
  STRING transformNodeName;
  DWORD nWeights;
  array DWORD vertexIndices[nWeights];
  array float weights[nWeights];
  Matrix4x4 matrixOffset;
}

Frame Root {
  FrameTransformMatrix {
     1.000000, 0.000000, 0.000000, 0.000000,
     0.000000,-0.000000,-1.000000, 0.000000,
     0.000000, 1.000000,-0.000000, 0.000000,
     0.000000, 0.000000, 0.000000, 1.000000;;
  }
  Frame Armature {
    FrameTransformMatrix {
       0.010000, 0.000000, 0.000000, 0.000000,
       0.000000,-0.000000, 0.010000, 0.000000,
       0.000000,-0.010000,-0.000000, 0.000000,
       0.000000, 0.000000, 0.000000, 1.000000;;
    }
    Frame Armature_mixamorig_Hips {
      FrameTransformMatrix {
         0.370700,-0.073404, 0.925847, 0.000000,
        -0.123999, 0.984035, 0.127665, 0.000000,
        -0.920438,-0.162130, 0.355680, 0.000000,
        -2.385674,77.923935, 2.462307, 1.000000;;
      }
      Frame Armature_mixamorig_BackCloth1 {
        FrameTransformMatrix {
          -0.000002,-1.000000, 0.000000, 0.000000,
           1.000000,-0.000002, 0.000000, 0.000000,
           0.000000,-0.000000, 1.000000, 0.000000,
          -0.000001,-5.419186,-29.327000, 1.000000;;
        }
        Frame Armature_mixamorig_BackCloth2 {
          FrameTransformMatrix {
             1.000000, 0.000000, 0.000000, 0.000000,
            -0.000000, 1.000000, 0.000000, 0.000000,
             0.000000,-0.000000, 1.000000, 0.000000,
            15.308605, 0.000001, 0.000001, 1.000000;;
          }
          Frame Armature_mixamorig_BackCloth3 {
            FrameTransformMatrix {
               1.000000, 0.000000, 0.000000, 0.000000,
              -0.000000, 1.000000, 0.000000, 0.000000,
               0.000000,-0.000000, 1.000000, 0.000000,
              17.777096, 0.000003,-0.000002, 1.000000;;
            }
            Frame Armature_mixamorig_BackCloth4 {
              FrameTransformMatrix {
                 1.000000, 0.000000, 0.000000, 0.000000,
                -0.000000, 1.000000, 0.000000, 0.000000,
                 0.000000,-0.000000, 1.000000, 0.000000,
                15.545401, 0.000003, 0.000000, 1.000000;;
              }
            } // End of Armature_mixamorig_BackCloth4
          } // End of Armature_mixamorig_BackCloth3
        } // End of Armature_mixamorig_BackCloth2
      } // End of Armature_mixamorig_BackCloth1
      Frame Armature_mixamorig_FrontCloth1 {
        FrameTransformMatrix {
           1.000000,-0.000002,-0.000000, 0.000000,
          -0.000002,-1.000000, 0.000000, 0.000000,
          -0.000000, 0.000000,-1.000000, 0.000000,
          -0.000000,-19.940693,22.170200, 1.000000;;
        }
        Frame Armature_mixamorig_FrontCloth2 {
          FrameTransformMatrix {
            -1.000000,-0.000000, 0.000000, 0.000000,
             0.000000, 1.000000, 0.000000, 0.000000,
            -0.000000, 0.000000,-1.000000, 0.000000,
             0.000000,10.763297,-0.000002, 1.000000;;
          }
          Frame Armature_mixamorig_FrontCloth3 {
            FrameTransformMatrix {
              -1.000000, 0.000000,-0.000000, 0.000000,
              -0.000000, 1.000000,-0.000000, 0.000000,
               0.000000,-0.000000,-1.000000, 0.000000,
               0.000000,13.749505, 0.000001, 1.000000;;
            }
            Frame Armature_mixamorig_FrontCloth4 {
              FrameTransformMatrix {
                 1.000000, 0.000000,-0.000000, 0.000000,
                 0.000000, 1.000000,-0.000000, 0.000000,
                 0.000000, 0.000000, 1.000000, 0.000000,
                -0.000000,14.182595,-0.000000, 1.000000;;
              }
            } // End of Armature_mixamorig_FrontCloth4
          } // End of Armature_mixamorig_FrontCloth3
        } // End of Armature_mixamorig_FrontCloth2
      } // End of Armature_mixamorig_FrontCloth1
      Frame Armature_mixamorig_LeftUpLeg {
        FrameTransformMatrix {
          -0.961206,-0.000206, 0.275831, 0.000000,
           0.245120,-0.459205, 0.853843, 0.000000,
           0.126486, 0.888331, 0.441441, 0.000000,
          19.899094,-7.885090,-3.429499, 1.000000;;
        }
        Frame Armature_mixamorig_LeftLeg {
          FrameTransformMatrix {
             0.998961, 0.006239, 0.045149, 0.000000,
             0.041733,-0.523409,-0.851059, 0.000000,
             0.018322, 0.852059,-0.523126, 0.000000,
             0.000001,38.282909,-0.000004, 1.000000;;
          }
          Frame Armature_mixamorig_LeftFoot {
            FrameTransformMatrix {
               0.999302, 0.035823, 0.010648, 0.000000,
              -0.028477, 0.545382, 0.837704, 0.000000,
               0.024201,-0.837421, 0.546021, 0.000000,
              -0.000001,32.683987,-0.000003, 1.000000;;
            }
            Frame Armature_mixamorig_LeftToeBase {
              FrameTransformMatrix {
                 0.998747, 0.041020,-0.028651, 0.000000,
                 0.016104, 0.278616, 0.960268, 0.000000,
                 0.047373,-0.959526, 0.277606, 0.000000,
                 0.000002,27.100006, 0.000002, 1.000000;;
              }
              Frame Armature_mixamorig_LeftToe_End {
                FrameTransformMatrix {
                   1.000000, 0.000000,-0.000000, 0.000000,
                  -0.000000, 1.000000,-0.000000, 0.000000,
                  -0.000000, 0.000000, 1.000000, 0.000000,
                  -0.000001,16.631996,-0.000000, 1.000000;;
                }
              } // End of Armature_mixamorig_LeftToe_End
            } // End of Armature_mixamorig_LeftToeBase
          } // End of Armature_mixamorig_LeftFoot
        } // End of Armature_mixamorig_LeftLeg
      } // End of Armature_mixamorig_LeftUpLeg
      Frame Armature_mixamorig_RightUpLeg {
        FrameTransformMatrix {
          -0.973607,-0.195457, 0.117841, 0.000000,
           0.193141,-0.430501, 0.881682, 0.000000,
          -0.121601, 0.881172, 0.456887, 0.000000,
          -19.899099,-7.884987,-3.429500, 1.000000;;
        }
        Frame Armature_mixamorig_RightLeg {
          FrameTransformMatrix {
             0.997986,-0.063201, 0.005373, 0.000000,
             0.007970, 0.040908,-0.999131, 0.000000,
             0.062927, 0.997162, 0.041329, 0.000000,
             0.000000,38.282913, 0.000003, 1.000000;;
          }
          Frame Armature_mixamorig_RightFoot {
            FrameTransformMatrix {
               0.992413,-0.117197,-0.037154, 0.000000,
               0.079418, 0.380397, 0.921407, 0.000000,
              -0.093853,-0.917367, 0.386819, 0.000000,
               0.000002,32.684067, 0.000001, 1.000000;;
            }
            Frame Armature_mixamorig_RightToeBase {
              FrameTransformMatrix {
                 1.000000,-0.000088,-0.000137, 0.000000,
                 0.000163, 0.553359, 0.832943, 0.000000,
                 0.000003,-0.832943, 0.553359, 0.000000,
                -0.000000,27.100010, 0.000002, 1.000000;;
              }
              Frame Armature_mixamorig_RightToe_End {
                FrameTransformMatrix {
                   1.000000,-0.000000, 0.000000, 0.000000,
                   0.000000, 1.000000, 0.000000, 0.000000,
                   0.000000,-0.000000, 1.000000, 0.000000,
                  -0.000001,16.631948,-0.000000, 1.000000;;
                }
              } // End of Armature_mixamorig_RightToe_End
            } // End of Armature_mixamorig_RightToeBase
          } // End of Armature_mixamorig_RightFoot
        } // End of Armature_mixamorig_RightLeg
      } // End of Armature_mixamorig_RightUpLeg
      Frame Armature_mixamorig_Spine {
        FrameTransformMatrix {
           0.998310,-0.055120,-0.018417, 0.000000,
           0.058096, 0.954721, 0.291774, 0.000000,
           0.001501,-0.292351, 0.956310, 0.000000,
          -0.000001,13.784808, 0.064399, 1.000000;;
        }
        Frame Armature_mixamorig_Spine1 {
          FrameTransformMatrix {
             0.998788,-0.047363,-0.013362, 0.000000,
             0.048385, 0.994675, 0.090993, 0.000000,
             0.008981,-0.091530, 0.995762, 0.000000,
             0.000003,12.024290, 0.000002, 1.000000;;
          }
          Frame Armature_mixamorig_Spine2 {
            FrameTransformMatrix {
               0.998726,-0.048093,-0.015247, 0.000000,
               0.049121, 0.995871, 0.076343, 0.000000,
               0.011513,-0.076994, 0.996965, 0.000000,
              -0.000003,17.815796, 0.000003, 1.000000;;
            }
            Frame Armature_mixamorig_LeftShoulder {
              FrameTransformMatrix {
                 0.147180, 0.039038,-0.988339, 0.000000,
                 0.985777, 0.076167, 0.149807, 0.000000,
                 0.081127,-0.996331,-0.027273, 0.000000,
                17.399498,24.614193, 1.157903, 1.000000;;
              }
              Frame Armature_mixamorig_LeftArm {
                FrameTransformMatrix {
                   0.639861,-0.652615, 0.405797, 0.000000,
                  -0.026618, 0.508906, 0.860411, 0.000000,
                  -0.768029,-0.561345, 0.308258, 0.000000,
                  -0.000007,19.910404, 0.000008, 1.000000;;
                }
                Frame Armature_mixamorig_LeftForeArm {
                  FrameTransformMatrix {
                     0.675896, 0.736979,-0.005120, 0.000000,
                    -0.736993, 0.675898,-0.001675, 0.000000,
                     0.002226, 0.004906, 0.999986, 0.000000,
                    -0.000003,49.301289,-0.000008, 1.000000;;
                  }
                  Frame Armature_mixamorig_LeftHand {
                    FrameTransformMatrix {
                       0.982993,-0.002476, 0.183628, 0.000000,
                       0.003970, 0.999962,-0.007771, 0.000000,
                      -0.183602, 0.008368, 0.982965, 0.000000,
                       0.000002,31.604708, 0.000004, 1.000000;;
                    }
                    Frame Armature_mixamorig_LeftHandIndex1 {
                      FrameTransformMatrix {
                         0.991624,-0.049502,-0.119293, 0.000000,
                         0.128334, 0.481662, 0.866909, 0.000000,
                         0.014546,-0.874958, 0.483981, 0.000000,
                        -6.192891,21.271090, 0.498708, 1.000000;;
                      }
                      Frame Armature_mixamorig_LeftHandIndex2 {
                        FrameTransformMatrix {
                           0.981090,-0.132153,-0.141413, 0.000000,
                           0.142897, 0.001766, 0.989736, 0.000000,
                          -0.130547,-0.991228, 0.020617, 0.000000,
                           0.000000, 7.536497, 0.000006, 1.000000;;
                        }
                        Frame Armature_mixamorig_LeftHandIndex3 {
                          FrameTransformMatrix {
                             0.989231,-0.141640,-0.036874, 0.000000,
                             0.130306, 0.737584, 0.662563, 0.000000,
                            -0.066648,-0.660233, 0.748098, 0.000000,
                             0.000000, 7.512304,-0.000002, 1.000000;;
                          }
                          Frame Armature_mixamorig_LeftHandIndex4 {
                            FrameTransformMatrix {
                               1.000000,-0.000000, 0.000000, 0.000000,
                               0.000000, 1.000000,-0.000000, 0.000000,
                               0.000000, 0.000000, 1.000000, 0.000000,
                               0.000003,10.212402,-0.000003, 1.000000;;
                            }
                          } // End of Armature_mixamorig_LeftHandIndex4
                        } // End of Armature_mixamorig_LeftHandIndex3
                      } // End of Armature_mixamorig_LeftHandIndex2
                    } // End of Armature_mixamorig_LeftHandIndex1
                    Frame Armature_mixamorig_LeftHandMiddle1 {
                      FrameTransformMatrix {
                         0.995801,-0.081752, 0.041193, 0.000000,
                         0.000774, 0.457479, 0.889220, 0.000000,
                        -0.091541,-0.885455, 0.455621, 0.000000,
                         0.016499,23.334385, 0.008601, 1.000000;;
                      }
                      Frame Armature_mixamorig_LeftHandMiddle2 {
                        FrameTransformMatrix {
                           0.973891,-0.171090,-0.149210, 0.000000,
                           0.159941, 0.050676, 0.985825, 0.000000,
                          -0.161103,-0.983951, 0.076717, 0.000000,
                           0.000001, 6.996597,-0.000000, 1.000000;;
                        }
                        Frame Armature_mixamorig_LeftHandMiddle3 {
                          FrameTransformMatrix {
                             0.995745,-0.085439,-0.034529, 0.000000,
                             0.088845, 0.790595, 0.605860, 0.000000,
                            -0.024466,-0.606350, 0.794822, 0.000000,
                             0.000000, 7.015995, 0.000001, 1.000000;;
                          }
                          Frame Armature_mixamorig_LeftHandMiddle4 {
                            FrameTransformMatrix {
                               1.000000, 0.000000, 0.000000, 0.000000,
                              -0.000000, 1.000000,-0.000000, 0.000000,
                              -0.000000,-0.000000, 1.000000, 0.000000,
                              -0.000001, 7.721600, 0.000006, 1.000000;;
                            }
                          } // End of Armature_mixamorig_LeftHandMiddle4
                        } // End of Armature_mixamorig_LeftHandMiddle3
                      } // End of Armature_mixamorig_LeftHandMiddle2
                    } // End of Armature_mixamorig_LeftHandMiddle1
                    Frame Armature_mixamorig_LeftHandPinky1 {
                      FrameTransformMatrix {
                         0.919858,-0.254839, 0.298194, 0.000000,
                        -0.090436, 0.601945, 0.793400, 0.000000,
                        -0.381685,-0.756782, 0.530657, 0.000000,
                        11.443204,18.881195, 0.461809, 1.000000;;
                      }
                      Frame Armature_mixamorig_LeftHandPinky2 {
                        FrameTransformMatrix {
                           0.976992,-0.149901,-0.151711, 0.000000,
                           0.166209, 0.089391, 0.982031, 0.000000,
                          -0.133645,-0.984652, 0.112249, 0.000000,
                          -0.000015, 4.919603,-0.000002, 1.000000;;
                        }
                        Frame Armature_mixamorig_LeftHandPinky3 {
                          FrameTransformMatrix {
                             0.985122,-0.153211,-0.077848, 0.000000,
                             0.145942, 0.506639, 0.849716, 0.000000,
                            -0.090745,-0.848436, 0.521462, 0.000000,
                             0.000003, 5.233001, 0.000007, 1.000000;;
                          }
                          Frame Armature_mixamorig_LeftHandPinky4 {
                            FrameTransformMatrix {
                               1.000000, 0.000000, 0.000000, 0.000000,
                              -0.000000, 1.000000, 0.000000, 0.000000,
                               0.000000,-0.000000, 1.000000, 0.000000,
                               0.000009, 5.571695,-0.000002, 1.000000;;
                            }
                          } // End of Armature_mixamorig_LeftHandPinky4
                        } // End of Armature_mixamorig_LeftHandPinky3
                      } // End of Armature_mixamorig_LeftHandPinky2
                    } // End of Armature_mixamorig_LeftHandPinky1
                    Frame Armature_mixamorig_LeftHandRing1 {
                      FrameTransformMatrix {
                         0.972366,-0.174488, 0.155106, 0.000000,
                        -0.053382, 0.480603, 0.875312, 0.000000,
                        -0.227276,-0.859404, 0.458007, 0.000000,
                         6.516906,22.686594, 0.103600, 1.000000;;
                      }
                      Frame Armature_mixamorig_LeftHandRing2 {
                        FrameTransformMatrix {
                           0.975556,-0.164471,-0.145736, 0.000000,
                           0.199728, 0.387056, 0.900164, 0.000000,
                          -0.091643,-0.907269, 0.410445, 0.000000,
                           0.000002, 6.408600, 0.000008, 1.000000;;
                        }
                        Frame Armature_mixamorig_LeftHandRing3 {
                          FrameTransformMatrix {
                             0.978825,-0.171127,-0.112323, 0.000000,
                             0.164455, 0.330700, 0.929296, 0.000000,
                            -0.121882,-0.928091, 0.351840, 0.000000,
                             0.000004, 6.150311, 0.000002, 1.000000;;
                          }
                          Frame Armature_mixamorig_LeftHandRing4 {
                            FrameTransformMatrix {
                               1.000000,-0.000000, 0.000000, 0.000000,
                               0.000000, 1.000000, 0.000000, 0.000000,
                              -0.000000, 0.000000, 1.000000, 0.000000,
                               0.000003, 6.145401, 0.000007, 1.000000;;
                            }
                          } // End of Armature_mixamorig_LeftHandRing4
                        } // End of Armature_mixamorig_LeftHandRing3
                      } // End of Armature_mixamorig_LeftHandRing2
                    } // End of Armature_mixamorig_LeftHandRing1
                    Frame Armature_mixamorig_LeftHandThumb1 {
                      FrameTransformMatrix {
                         0.518487, 0.718978,-0.462863, 0.000000,
                        -0.194549, 0.626298, 0.754918, 0.000000,
                         0.832660,-0.301366, 0.464604, 0.000000,
                        -7.059598, 6.094486, 4.397202, 1.000000;;
                      }
                      Frame Armature_mixamorig_LeftHandThumb2 {
                        FrameTransformMatrix {
                           0.859778,-0.509719, 0.031124, 0.000000,
                           0.510188, 0.854729,-0.095644, 0.000000,
                           0.022149, 0.098112, 0.994929, 0.000000,
                          -0.000002, 7.536497, 0.000005, 1.000000;;
                        }
                        Frame Armature_mixamorig_LeftHandThumb3 {
                          FrameTransformMatrix {
                             0.710982,-0.695838, 0.101558, 0.000000,
                             0.699590, 0.685269,-0.202438, 0.000000,
                             0.071270, 0.214979, 0.974015, 0.000000,
                             0.000000, 7.512303,-0.000002, 1.000000;;
                          }
                          Frame Armature_mixamorig_LeftHandThumb4 {
                            FrameTransformMatrix {
                               1.000000,-0.000000, 0.000000, 0.000000,
                               0.000000, 1.000000, 0.000000, 0.000000,
                              -0.000000,-0.000000, 1.000000, 0.000000,
                              -0.000001,10.212397,-0.000000, 1.000000;;
                            }
                          } // End of Armature_mixamorig_LeftHandThumb4
                        } // End of Armature_mixamorig_LeftHandThumb3
                      } // End of Armature_mixamorig_LeftHandThumb2
                    } // End of Armature_mixamorig_LeftHandThumb1
                  } // End of Armature_mixamorig_LeftHand
                } // End of Armature_mixamorig_LeftForeArm
              } // End of Armature_mixamorig_LeftArm
            } // End of Armature_mixamorig_LeftShoulder
            Frame Armature_mixamorig_Neck {
              FrameTransformMatrix {
                 0.997768, 0.059824,-0.029648, 0.000000,
                -0.061589, 0.996132,-0.062671, 0.000000,
                 0.025784, 0.064357, 0.997594, 0.000000,
                -0.000004,39.117603,11.977002, 1.000000;;
              }
              Frame Armature_mixamorig_Head {
                FrameTransformMatrix {
                   0.575450,-0.239937,-0.781849, 0.000000,
                  -0.024205, 0.950581,-0.309533, 0.000000,
                   0.817479, 0.197045, 0.541204, 0.000000,
                   0.000004,14.552511,15.664105, 1.000000;;
                }
                Frame Armature_mixamorig_HeadTop_End {
                  FrameTransformMatrix {
                     1.000000,-0.000000, 0.000000, 0.000000,
                    -0.000000, 1.000000, 0.000000, 0.000000,
                     0.000000,-0.000000, 1.000000, 0.000000,
                    -0.000005,15.601671, 7.553703, 1.000000;;
                  }
                } // End of Armature_mixamorig_HeadTop_End
                Frame Armature_mixamorig_Jaw {
                  FrameTransformMatrix {
                     1.000000,-0.000000, 0.000000, 0.000000,
                    -0.000000,-0.587429, 0.809275, 0.000000,
                     0.000000,-0.809276,-0.587429, 0.000000,
                    -0.000010,-2.317823, 3.620702, 1.000000;;
                  }
                } // End of Armature_mixamorig_Jaw
                Frame Armature_mixamorig_LeftEye {
                  FrameTransformMatrix {
                     1.000000,-0.000000, 0.000000, 0.000000,
                    -0.000000, 1.000000, 0.000000, 0.000000,
                     0.000000,-0.000000, 1.000000, 0.000000,
                     3.528691, 2.462067,12.838202, 1.000000;;
                  }
                } // End of Armature_mixamorig_LeftEye
                Frame Armature_mixamorig_RightEye {
                  FrameTransformMatrix {
                     1.000000,-0.000000, 0.000000, 0.000000,
                    -0.000000, 1.000000, 0.000000, 0.000000,
                     0.000000,-0.000000, 1.000000, 0.000000,
                    -3.528708, 2.462084,12.838202, 1.000000;;
                  }
                } // End of Armature_mixamorig_RightEye
              } // End of Armature_mixamorig_Head
            } // End of Armature_mixamorig_Neck
            Frame Armature_mixamorig_RightShoulder {
              FrameTransformMatrix {
                 0.216277,-0.023949, 0.976038, 0.000000,
                -0.965955, 0.140116, 0.217481, 0.000000,
                -0.141968,-0.989845, 0.007170, 0.000000,
                -17.399502,24.614305, 1.157903, 1.000000;;
              }
              Frame Armature_mixamorig_RightArm {
                FrameTransformMatrix {
                   0.957802, 0.210599, 0.195612, 0.000000,
                  -0.256217, 0.317139, 0.913113, 0.000000,
                   0.130264,-0.924700, 0.357716, 0.000000,
                   0.000007,19.910408, 0.000003, 1.000000;;
                }
                Frame Armature_mixamorig_RightArmour1 {
                  FrameTransformMatrix {
                    -0.000000,-1.000000,-0.000001, 0.000000,
                    -0.000000, 0.000001,-1.000000, 0.000000,
                     1.000000,-0.000000,-0.000000, 0.000000,
                    -1.467303, 5.012926,-18.471140, 1.000000;;
                  }
                  Frame Armature_mixamorig_RightArmour2 {
                    FrameTransformMatrix {
                      -0.915901, 0.232054,-0.327534, 0.000000,
                      -0.183487,-0.967759,-0.172553, 0.000000,
                      -0.357018,-0.097943, 0.928950, 0.000000,
                       3.884907,-9.462704,-18.584898, 1.000000;;
                    }
                    Frame Armature_mixamorig_RightArmour3 {
                      FrameTransformMatrix {
                         1.000000, 0.000000, 0.000000, 0.000000,
                        -0.000000, 1.000000, 0.000000, 0.000000,
                        -0.000000,-0.000000, 1.000000, 0.000000,
                         0.000000,11.039500, 0.000016, 1.000000;;
                      }
                    } // End of Armature_mixamorig_RightArmour3
                  } // End of Armature_mixamorig_RightArmour2
                  Frame Armature_mixamorig_RightArmour4 {
                    FrameTransformMatrix {
                       0.708033,-0.251874, 0.659734, 0.000000,
                      -0.431906,-0.893578, 0.122374, 0.000000,
                       0.558701,-0.371588,-0.741469, 0.000000,
                      -2.648894,-11.494596,22.195297, 1.000000;;
                    }
                    Frame Armature_mixamorig_RightArmour5 {
                      FrameTransformMatrix {
                         1.000000, 0.000000, 0.000000, 0.000000,
                        -0.000000, 1.000000,-0.000000, 0.000000,
                        -0.000000,-0.000000, 1.000000, 0.000000,
                        -0.000002,11.039490, 0.000004, 1.000000;;
                      }
                    } // End of Armature_mixamorig_RightArmour5
                  } // End of Armature_mixamorig_RightArmour4
                } // End of Armature_mixamorig_RightArmour1
                Frame Armature_mixamorig_RightForeArm {
                  FrameTransformMatrix {
                     0.729824,-0.605257,-0.317839, 0.000000,
                     0.654305, 0.753149, 0.068207, 0.000000,
                     0.198097,-0.257743, 0.945688, 0.000000,
                     0.000001,49.301300, 0.000021, 1.000000;;
                  }
                  Frame Armature_mixamorig_RightHand {
                    FrameTransformMatrix {
                       0.872285,-0.168916,-0.458897, 0.000000,
                      -0.009993, 0.932090,-0.362089, 0.000000,
                       0.488896, 0.320430, 0.811360, 0.000000,
                      -0.000001,31.604988,-0.000002, 1.000000;;
                    }
                    Frame Armature_mixamorig_RightHandIndex1 {
                      FrameTransformMatrix {
                         0.999963,-0.008589,-0.000960, 0.000000,
                         0.008601, 0.999875, 0.013262, 0.000000,
                         0.000846,-0.013270, 0.999912, 0.000000,
                         6.192903,21.271002, 0.498985, 1.000000;;
                      }
                      Frame Armature_mixamorig_RightHandIndex2 {
                        FrameTransformMatrix {
                           0.999999, 0.001454, 0.000342, 0.000000,
                          -0.001478, 0.996073, 0.088522, 0.000000,
                          -0.000212,-0.088522, 0.996074, 0.000000,
                          -0.000004, 7.535990, 0.000002, 1.000000;;
                        }
                        Frame Armature_mixamorig_RightHandIndex3 {
                          FrameTransformMatrix {
                             0.999387, 0.035016,-0.000070, 0.000000,
                            -0.034976, 0.998166,-0.049412, 0.000000,
                            -0.001660, 0.049384, 0.998779, 0.000000,
                             0.000005, 7.512997, 0.000002, 1.000000;;
                          }
                          Frame Armature_mixamorig_RightHandIndex4 {
                            FrameTransformMatrix {
                               1.000000,-0.000000, 0.000000, 0.000000,
                               0.000000, 1.000000,-0.000000, 0.000000,
                              -0.000000, 0.000000, 1.000000, 0.000000,
                              -0.000003,10.212008,-0.000008, 1.000000;;
                            }
                          } // End of Armature_mixamorig_RightHandIndex4
                        } // End of Armature_mixamorig_RightHandIndex3
                      } // End of Armature_mixamorig_RightHandIndex2
                    } // End of Armature_mixamorig_RightHandIndex1
                    Frame Armature_mixamorig_RightHandMiddle1 {
                      FrameTransformMatrix {
                         0.994582, 0.103779, 0.006088, 0.000000,
                        -0.103948, 0.993568, 0.044920, 0.000000,
                        -0.001388,-0.045309, 0.998972, 0.000000,
                        -0.016500,23.333996, 0.008982, 1.000000;;
                      }
                      Frame Armature_mixamorig_RightHandMiddle2 {
                        FrameTransformMatrix {
                           0.997023, 0.072986, 0.024867, 0.000000,
                          -0.076790, 0.910718, 0.405827, 0.000000,
                           0.006972,-0.406529, 0.913612, 0.000000,
                          -0.000002, 6.996999,-0.000003, 1.000000;;
                        }
                        Frame Armature_mixamorig_RightHandMiddle3 {
                          FrameTransformMatrix {
                             0.999535,-0.030397, 0.002333, 0.000000,
                             0.030477, 0.994501,-0.100194, 0.000000,
                             0.000726, 0.100219, 0.994965, 0.000000,
                             0.000003, 7.016011,-0.000007, 1.000000;;
                          }
                          Frame Armature_mixamorig_RightHandMiddle4 {
                            FrameTransformMatrix {
                               1.000000, 0.000000, 0.000000, 0.000000,
                              -0.000000, 1.000000, 0.000000, 0.000000,
                               0.000000,-0.000000, 1.000000, 0.000000,
                               0.000000, 7.720995,-0.000009, 1.000000;;
                            }
                          } // End of Armature_mixamorig_RightHandMiddle4
                        } // End of Armature_mixamorig_RightHandMiddle3
                      } // End of Armature_mixamorig_RightHandMiddle2
                    } // End of Armature_mixamorig_RightHandMiddle1
                    Frame Armature_mixamorig_RightHandPinky1 {
                      FrameTransformMatrix {
                         0.943734, 0.328826, 0.035201, 0.000000,
                        -0.329501, 0.925887, 0.184829, 0.000000,
                         0.028184,-0.186029, 0.982140, 0.000000,
                        -11.443203,18.881002, 0.461984, 1.000000;;
                      }
                      Frame Armature_mixamorig_RightHandPinky2 {
                        FrameTransformMatrix {
                           0.997614, 0.036773, 0.058437, 0.000000,
                          -0.053620, 0.945840, 0.320176, 0.000000,
                          -0.043498,-0.322545, 0.945554, 0.000000,
                          -0.000003, 4.919996, 0.000011, 1.000000;;
                        }
                        Frame Armature_mixamorig_RightHandPinky3 {
                          FrameTransformMatrix {
                             0.990071, 0.087043, 0.110380, 0.000000,
                            -0.129332, 0.871698, 0.472668, 0.000000,
                            -0.055076,-0.482251, 0.874300, 0.000000,
                            -0.000002, 5.233006,-0.000004, 1.000000;;
                          }
                          Frame Armature_mixamorig_RightHandPinky4 {
                            FrameTransformMatrix {
                               1.000000, 0.000000,-0.000000, 0.000000,
                              -0.000000, 1.000000, 0.000000, 0.000000,
                               0.000000,-0.000000, 1.000000, 0.000000,
                              -0.000005, 5.570999,-0.000005, 1.000000;;
                            }
                          } // End of Armature_mixamorig_RightHandPinky4
                        } // End of Armature_mixamorig_RightHandPinky3
                      } // End of Armature_mixamorig_RightHandPinky2
                    } // End of Armature_mixamorig_RightHandPinky1
                    Frame Armature_mixamorig_RightHandRing1 {
                      FrameTransformMatrix {
                         0.978674, 0.204373, 0.020695, 0.000000,
                        -0.205326, 0.976280, 0.068699, 0.000000,
                        -0.006164,-0.071483, 0.997423, 0.000000,
                        -6.516902,22.686010, 0.103979, 1.000000;;
                      }
                      Frame Armature_mixamorig_RightHandRing2 {
                        FrameTransformMatrix {
                           0.997371, 0.065423, 0.031169, 0.000000,
                          -0.072449, 0.890138, 0.449895, 0.000000,
                           0.001689,-0.450970, 0.892537, 0.000000,
                          -0.000001, 6.408997,-0.000007, 1.000000;;
                        }
                        Frame Armature_mixamorig_RightHandRing3 {
                          FrameTransformMatrix {
                             0.997325, 0.069409, 0.022933, 0.000000,
                            -0.073085, 0.940427, 0.332048, 0.000000,
                             0.001480,-0.332836, 0.942984, 0.000000,
                            -0.000000, 6.149997,-0.000003, 1.000000;;
                          }
                          Frame Armature_mixamorig_RightHandRing4 {
                            FrameTransformMatrix {
                               1.000000,-0.000000, 0.000000, 0.000000,
                               0.000000, 1.000000,-0.000000, 0.000000,
                              -0.000000, 0.000000, 1.000000, 0.000000,
                              -0.000003, 6.146002, 0.000005, 1.000000;;
                            }
                          } // End of Armature_mixamorig_RightHandRing4
                        } // End of Armature_mixamorig_RightHandRing3
                      } // End of Armature_mixamorig_RightHandRing2
                    } // End of Armature_mixamorig_RightHandRing1
                    Frame Armature_mixamorig_RightHandThumb1 {
                      FrameTransformMatrix {
                         0.905983,-0.407640,-0.114125, 0.000000,
                         0.396176, 0.721527, 0.567842, 0.000000,
                        -0.149131,-0.559669, 0.815188, 0.000000,
                         7.059704, 6.094000, 4.396975, 1.000000;;
                      }
                      Frame Armature_mixamorig_RightHandThumb2 {
                        FrameTransformMatrix {
                           0.905868, 0.416939,-0.074594, 0.000000,
                          -0.422109, 0.903219,-0.077585, 0.000000,
                           0.035027, 0.101769, 0.994191, 0.000000,
                          -0.000006, 7.536307, 0.000001, 1.000000;;
                        }
                        Frame Armature_mixamorig_RightHandThumb3 {
                          FrameTransformMatrix {
                             0.963169,-0.268789, 0.007546, 0.000000,
                             0.268342, 0.962608, 0.037126, 0.000000,
                            -0.017243,-0.033734, 0.999282, 0.000000,
                            -0.000002, 7.512699,-0.000005, 1.000000;;
                          }
                          Frame Armature_mixamorig_RightHandThumb4 {
                            FrameTransformMatrix {
                               1.000000,-0.000001, 0.000002, 0.000000,
                               0.000001, 1.000000, 0.000001, 0.000000,
                              -0.000002,-0.000001, 1.000000, 0.000000,
                               0.000002,10.212729, 0.000000, 1.000000;;
                            }
                          } // End of Armature_mixamorig_RightHandThumb4
                        } // End of Armature_mixamorig_RightHandThumb3
                      } // End of Armature_mixamorig_RightHandThumb2
                    } // End of Armature_mixamorig_RightHandThumb1
                  } // End of Armature_mixamorig_RightHand
                } // End of Armature_mixamorig_RightForeArm
              } // End of Armature_mixamorig_RightArm
            } // End of Armature_mixamorig_RightShoulder
          } // End of Armature_mixamorig_Spine2
        } // End of Armature_mixamorig_Spine1
      } // End of Armature_mixamorig_Spine
    } // End of Armature_mixamorig_Hips
  } // End of Armature
} // End of Root
AnimationSet Global {
  Animation {
    {Armature}
    AnimationKey { // Rotation
      0;
      45;
      0;4;-0.707107, 0.707107, 0.000000, 0.000000;;,
      1;4;-0.707107, 0.707107, 0.000000, 0.000000;;,
      2;4;-0.707107, 0.707107, 0.000000, 0.000000;;,
      3;4;-0.707107, 0.707107, 0.000000, 0.000000;;,
      4;4;-0.707107, 0.707107, 0.000000, 0.000000;;,
      5;4;-0.707107, 0.707107, 0.000000, 0.000000;;,
      6;4;-0.707107, 0.707107, 0.000000, 0.000000;;,
      7;4;-0.707107, 0.707107, 0.000000, 0.000000;;,
      8;4;-0.707107, 0.707107, 0.000000, 0.000000;;,
      9;4;-0.707107, 0.707107, 0.000000, 0.000000;;,
      10;4;-0.707107, 0.707107, 0.000000, 0.000000;;,
      11;4;-0.707107, 0.707107, 0.000000, 0.000000;;,
      12;4;-0.707107, 0.707107, 0.000000, 0.000000;;,
      13;4;-0.707107, 0.707107, 0.000000, 0.000000;;,
      14;4;-0.707107, 0.707107, 0.000000, 0.000000;;,
      15;4;-0.707107, 0.707107, 0.000000, 0.000000;;,
      16;4;-0.707107, 0.707107, 0.000000, 0.000000;;,
      17;4;-0.707107, 0.707107, 0.000000, 0.000000;;,
      18;4;-0.707107, 0.707107, 0.000000, 0.000000;;,
      19;4;-0.707107, 0.707107, 0.000000, 0.000000;;,
      20;4;-0.707107, 0.707107, 0.000000, 0.000000;;,
      21;4;-0.707107, 0.707107, 0.000000, 0.000000;;,
      22;4;-0.707107, 0.707107, 0.000000, 0.000000;;,
      23;4;-0.707107, 0.707107, 0.000000, 0.000000;;,
      24;4;-0.707107, 0.707107, 0.000000, 0.000000;;,
      25;4;-0.707107, 0.707107, 0.000000, 0.000000;;,
      26;4;-0.707107, 0.707107, 0.000000, 0.000000;;,
      27;4;-0.707107, 0.707107, 0.000000, 0.000000;;,
      28;4;-0.707107, 0.707107, 0.000000, 0.000000;;,
      29;4;-0.707107, 0.707107, 0.000000, 0.000000;;,
      30;4;-0.707107, 0.707107, 0.000000, 0.000000;;,
      31;4;-0.707107, 0.707107, 0.000000, 0.000000;;,
      32;4;-0.707107, 0.707107, 0.000000, 0.000000;;,
      33;4;-0.707107, 0.707107, 0.000000, 0.000000;;,
      34;4;-0.707107, 0.707107, 0.000000, 0.000000;;,
      35;4;-0.707107, 0.707107, 0.000000, 0.000000;;,
      36;4;-0.707107, 0.707107, 0.000000, 0.000000;;,
      37;4;-0.707107, 0.707107, 0.000000, 0.000000;;,
      38;4;-0.707107, 0.707107, 0.000000, 0.000000;;,
      39;4;-0.707107, 0.707107, 0.000000, 0.000000;;,
      40;4;-0.707107, 0.707107, 0.000000, 0.000000;;,
      41;4;-0.707107, 0.707107, 0.000000, 0.000000;;,
      42;4;-0.707107, 0.707107, 0.000000, 0.000000;;,
      43;4;-0.707107, 0.707107, 0.000000, 0.000000;;,
      44;4;-0.707107, 0.707107, 0.000000, 0.000000;;;
    }
    AnimationKey { // Scale
      1;
      45;
      0;3; 0.010000, 0.010000, 0.010000;;,
      1;3; 0.010000, 0.010000, 0.010000;;,
      2;3; 0.010000, 0.010000, 0.010000;;,
      3;3; 0.010000, 0.010000, 0.010000;;,
      4;3; 0.010000, 0.010000, 0.010000;;,
      5;3; 0.010000, 0.010000, 0.010000;;,
      6;3; 0.010000, 0.010000, 0.010000;;,
      7;3; 0.010000, 0.010000, 0.010000;;,
      8;3; 0.010000, 0.010000, 0.010000;;,
      9;3; 0.010000, 0.010000, 0.010000;;,
      10;3; 0.010000, 0.010000, 0.010000;;,
      11;3; 0.010000, 0.010000, 0.010000;;,
      12;3; 0.010000, 0.010000, 0.010000;;,
      13;3; 0.010000, 0.010000, 0.010000;;,
      14;3; 0.010000, 0.010000, 0.010000;;,
      15;3; 0.010000, 0.010000, 0.010000;;,
      16;3; 0.010000, 0.010000, 0.010000;;,
      17;3; 0.010000, 0.010000, 0.010000;;,
      18;3; 0.010000, 0.010000, 0.010000;;,
      19;3; 0.010000, 0.010000, 0.010000;;,
      20;3; 0.010000, 0.010000, 0.010000;;,
      21;3; 0.010000, 0.010000, 0.010000;;,
      22;3; 0.010000, 0.010000, 0.010000;;,
      23;3; 0.010000, 0.010000, 0.010000;;,
      24;3; 0.010000, 0.010000, 0.010000;;,
      25;3; 0.010000, 0.010000, 0.010000;;,
      26;3; 0.010000, 0.010000, 0.010000;;,
      27;3; 0.010000, 0.010000, 0.010000;;,
      28;3; 0.010000, 0.010000, 0.010000;;,
      29;3; 0.010000, 0.010000, 0.010000;;,
      30;3; 0.010000, 0.010000, 0.010000;;,
