xof 0303txt 0032

template XSkinMeshHeader {
  <3cf169ce-ff7c-44ab-93c0-f78f62d172e2>
  WORD nMaxSkinWeightsPerVertex;
  WORD nMaxSkinWeightsPerFace;
  WORD nBones;
}

template SkinWeights {
  <6f0d123b-bad2-4167-a0d0-80224f25fabb>
  STRING transformNodeName;
  DWORD nWeights;
  array DWORD vertexIndices[nWeights];
  array float weights[nWeights];
  Matrix4x4 matrixOffset;
}

Frame Root {
  FrameTransformMatrix {
     1.000000, 0.000000, 0.000000, 0.000000,
     0.000000,-0.000000,-1.000000, 0.000000,
     0.000000, 1.000000,-0.000000, 0.000000,
     0.000000, 0.000000, 0.000000, 1.000000;;
  }
  Frame Armature {
    FrameTransformMatrix {
       0.010000, 0.000000, 0.000000, 0.000000,
       0.000000,-0.000000, 0.010000, 0.000000,
       0.000000,-0.010000,-0.000000, 0.000000,
       0.000000, 0.000000, 0.000000, 1.000000;;
    }
    Frame Armature_mixamorig_Hips {
      FrameTransformMatrix {
         0.582187,-0.014365, 0.812928, 0.000000,
        -0.121236, 0.987132, 0.104268, 0.000000,
        -0.803965,-0.159259, 0.572954, 0.000000,
        -0.024745,80.561256, 0.030003, 1.000000;;
      }
      Frame Armature_mixamorig_LeftUpLeg {
        FrameTransformMatrix {
          -0.658744, 0.016608, 0.752138, 0.000000,
           0.615415,-0.563224, 0.551370, 0.000000,
           0.432805, 0.826138, 0.360776, 0.000000,
           9.789100,-5.875900,-0.583700, 1.000000;;
        }
        Frame Armature_mixamorig_LeftLeg {
          FrameTransformMatrix {
             0.964691,-0.127384,-0.230530, 0.000000,
            -0.091655, 0.658198,-0.747245, 0.000000,
             0.246922, 0.741989, 0.623283, 0.000000,
             0.000001,41.701992,-0.000001, 1.000000;;
          }
          Frame Armature_mixamorig_LeftFoot {
            FrameTransformMatrix {
               0.974926,-0.212774,-0.065164, 0.000000,
               0.185313, 0.614166, 0.767111, 0.000000,
              -0.123200,-0.759952, 0.638196, 0.000000,
               0.000002,36.981026, 0.000002, 1.000000;;
            }
            Frame Armature_mixamorig_LeftToeBase {
              FrameTransformMatrix {
                 0.992129, 0.023648,-0.122969, 0.000000,
                 0.069059, 0.715842, 0.694838, 0.000000,
                 0.104457,-0.697861, 0.708575, 0.000000,
                 0.000001,16.700535,-0.000002, 1.000000;;
              }
              Frame Armature_mixamorig_LeftToe_End {
                FrameTransformMatrix {
                   1.000000,-0.000000, 0.000000, 0.000000,
                   0.000000, 1.000000, 0.000000, 0.000000,
                   0.000000,-0.000000, 1.000000, 0.000000,
                  -0.000001, 7.120426, 0.000000, 1.000000;;
                }
              } // End of Armature_mixamorig_LeftToe_End
            } // End of Armature_mixamorig_LeftToeBase
          } // End of Armature_mixamorig_LeftFoot
        } // End of Armature_mixamorig_LeftLeg
      } // End of Armature_mixamorig_LeftUpLeg
      Frame Armature_mixamorig_RightUpLeg {
        FrameTransformMatrix {
          -0.758261, 0.337533,-0.557742, 0.000000,
          -0.555255,-0.782704, 0.281174, 0.000000,
          -0.341662, 0.522921, 0.780862, 0.000000,
          -9.857700,-5.875894,-0.583699, 1.000000;;
        }
        Frame Armature_mixamorig_RightLeg {
          FrameTransformMatrix {
             0.995770,-0.075988, 0.051656, 0.000000,
             0.090066, 0.695955,-0.712415, 0.000000,
             0.018185, 0.714054, 0.699855, 0.000000,
            -0.000003,41.702003, 0.000000, 1.000000;;
          }
          Frame Armature_mixamorig_RightFoot {
            FrameTransformMatrix {
               0.837769, 0.525658, 0.147742, 0.000000,
              -0.338718, 0.288088, 0.895698, 0.000000,
               0.428268,-0.800431, 0.419401, 0.000000,
               0.000001,36.981030, 0.000000, 1.000000;;
            }
            Frame Armature_mixamorig_RightToeBase {
              FrameTransformMatrix {
                 0.998447,-0.026980, 0.048744, 0.000000,
                -0.013531, 0.731296, 0.681926, 0.000000,
                -0.054045,-0.681526, 0.729795, 0.000000,
                 0.000000,16.700535, 0.000004, 1.000000;;
              }
              Frame Armature_mixamorig_RightToe_End {
                FrameTransformMatrix {
                   1.000000, 0.000000, 0.000000, 0.000000,
                  -0.000000, 1.000000, 0.000000, 0.000000,
                  -0.000000,-0.000000, 1.000000, 0.000000,
                   0.000001, 7.120429,-0.000000, 1.000000;;
                }
              } // End of Armature_mixamorig_RightToe_End
            } // End of Armature_mixamorig_RightToeBase
          } // End of Armature_mixamorig_RightFoot
        } // End of Armature_mixamorig_RightLeg
      } // End of Armature_mixamorig_RightUpLeg
      Frame Armature_mixamorig_Spine {
        FrameTransformMatrix {
           0.996514,-0.047750,-0.068404, 0.000000,
           0.049266, 0.998573, 0.020641, 0.000000,
           0.067321,-0.023939, 0.997444, 0.000000,
           0.017300,10.574805,-1.117200, 1.000000;;
        }
        Frame Armature_mixamorig_Spine1 {
          FrameTransformMatrix {
             0.998869, 0.043389,-0.019455, 0.000000,
            -0.042959, 0.998835, 0.021994, 0.000000,
             0.020387,-0.021133, 0.999569, 0.000000,
            -0.000000,12.405992, 0.000001, 1.000000;;
          }
          Frame Armature_mixamorig_Spine2 {
            FrameTransformMatrix {
               0.999544, 0.022283,-0.020401, 0.000000,
              -0.019929, 0.993832, 0.109091, 0.000000,
               0.022706,-0.108635, 0.993822, 0.000000,
              -0.000000,14.178302,-0.000001, 1.000000;;
            }
            Frame Armature_mixamorig_LeftShoulder {
              FrameTransformMatrix {
                 0.174260,-0.041677,-0.983817, 0.000000,
                 0.964497,-0.194118, 0.179061, 0.000000,
                -0.198439,-0.980092, 0.006370, 0.000000,
                 5.935000,13.670202,-1.662601, 1.000000;;
              }
              Frame Armature_mixamorig_LeftArm {
                FrameTransformMatrix {
                   0.963288, 0.264780, 0.044359, 0.000000,
                  -0.234405, 0.748948, 0.619783, 0.000000,
                   0.130883,-0.607428, 0.783518, 0.000000,
                   0.000004,12.607900,-0.000012, 1.000000;;
                }
                Frame Armature_mixamorig_LeftForeArm {
                  FrameTransformMatrix {
                    -0.061234, 0.849641, 0.523794, 0.000000,
                    -0.998000,-0.043869,-0.045513, 0.000000,
                    -0.015691,-0.525533, 0.850628, 0.000000,
                     0.000000,25.574310, 0.000000, 1.000000;;
                  }
                  Frame Armature_mixamorig_LeftHand {
                    FrameTransformMatrix {
                       0.999978, 0.006597,-0.000746, 0.000000,
                      -0.006543, 0.998358, 0.056903, 0.000000,
                       0.001120,-0.056897, 0.998379, 0.000000,
                      -0.000000,21.603403,-0.000006, 1.000000;;
                    }
                    Frame Armature_mixamorig_LeftHandIndex1 {
                      FrameTransformMatrix {
                         0.988668, 0.136428, 0.062633, 0.000000,
                        -0.083174, 0.150495, 0.985106, 0.000000,
                         0.124970,-0.979152, 0.160137, 0.000000,
                        -2.341908, 9.909704,-0.291391, 1.000000;;
                      }
                      Frame Armature_mixamorig_LeftHandIndex2 {
                        FrameTransformMatrix {
                           0.997049, 0.076770, 0.000077, 0.000000,
                          -0.029502, 0.382219, 0.923601, 0.000000,
                           0.070876,-0.920877, 0.383356, 0.000000,
                           0.000001, 3.776707,-0.000002, 1.000000;;
                        }
                        Frame Armature_mixamorig_LeftHandIndex3 {
                          FrameTransformMatrix {
                             0.999412,-0.011929,-0.032135, 0.000000,
                             0.034277, 0.348776, 0.936579, 0.000000,
                             0.000035,-0.937130, 0.348980, 0.000000,
                             0.000005, 2.543000,-0.000000, 1.000000;;
                          }
                          Frame Armature_mixamorig_LeftHandIndex4 {
                            FrameTransformMatrix {
                               1.000000, 0.000000,-0.000000, 0.000000,
                               0.000000, 1.000000,-0.000000, 0.000000,
                              -0.000000, 0.000000, 1.000000, 0.000000,
                               0.000007, 2.529099, 0.000001, 1.000000;;
                            }
                          } // End of Armature_mixamorig_LeftHandIndex4
                        } // End of Armature_mixamorig_LeftHandIndex3
                      } // End of Armature_mixamorig_LeftHandIndex2
                    } // End of Armature_mixamorig_LeftHandIndex1
                    Frame Armature_mixamorig_LeftHandMiddle1 {
                      FrameTransformMatrix {
                         0.994524,-0.041976, 0.095711, 0.000000,
                        -0.093191, 0.058363, 0.993936, 0.000000,
                        -0.047307,-0.997413, 0.054132, 0.000000,
                        -0.000003, 9.700808, 0.000005, 1.000000;;
                      }
                      Frame Armature_mixamorig_LeftHandMiddle2 {
                        FrameTransformMatrix {
                           0.996328, 0.085609, 0.001290, 0.000000,
                          -0.021093, 0.230818, 0.972769, 0.000000,
                           0.082979,-0.969224, 0.231776, 0.000000,
                          -0.000011, 4.014604, 0.000001, 1.000000;;
                        }
                        Frame Armature_mixamorig_LeftHandMiddle3 {
                          FrameTransformMatrix {
                             0.999610,-0.009222,-0.026370, 0.000000,
                             0.027885, 0.386795, 0.921744, 0.000000,
                             0.001699,-0.922120, 0.386901, 0.000000,
                            -0.000004, 2.996704, 0.000000, 1.000000;;
                          }
                          Frame Armature_mixamorig_LeftHandMiddle4 {
                            FrameTransformMatrix {
                               1.000000,-0.000000,-0.000000, 0.000000,
                               0.000000, 1.000000,-0.000000, 0.000000,
                              -0.000000, 0.000000, 1.000000, 0.000000,
                              -0.000002, 2.824998,-0.000002, 1.000000;;
                            }
                          } // End of Armature_mixamorig_LeftHandMiddle4
                        } // End of Armature_mixamorig_LeftHandMiddle3
                      } // End of Armature_mixamorig_LeftHandMiddle2
                    } // End of Armature_mixamorig_LeftHandMiddle1
                    Frame Armature_mixamorig_LeftHandPinky1 {
                      FrameTransformMatrix {
                         0.977819,-0.143303, 0.152756, 0.000000,
                        -0.143443, 0.073273, 0.986942, 0.000000,
                        -0.152624,-0.986963, 0.051092, 0.000000,
                         4.712691, 8.985504,-0.221596, 1.000000;;
                      }
                      Frame Armature_mixamorig_LeftHandPinky2 {
                        FrameTransformMatrix {
                           0.999999, 0.001447, 0.000972, 0.000000,
                          -0.001331, 0.273864, 0.961768, 0.000000,
                           0.001126,-0.961767, 0.273866, 0.000000,
                          -0.000008, 3.562502, 0.000002, 1.000000;;
                        }
                        Frame Armature_mixamorig_LeftHandPinky3 {
                          FrameTransformMatrix {
                             1.000000, 0.000963, 0.000338, 0.000000,
                            -0.000891, 0.661982, 0.749519, 0.000000,
                             0.000498,-0.749519, 0.661983, 0.000000,
                             0.000002, 2.335198, 0.000000, 1.000000;;
                          }
                          Frame Armature_mixamorig_LeftHandPinky4 {
                            FrameTransformMatrix {
                               1.000000,-0.000000,-0.000000, 0.000000,
                              -0.000000, 1.000000, 0.000000, 0.000000,
                              -0.000000, 0.000000, 1.000000, 0.000000,
                              -0.000002, 2.037285, 0.000000, 1.000000;;
                            }
                          } // End of Armature_mixamorig_LeftHandPinky4
                        } // End of Armature_mixamorig_LeftHandPinky3
                      } // End of Armature_mixamorig_LeftHandPinky2
                    } // End of Armature_mixamorig_LeftHandPinky1
                    Frame Armature_mixamorig_LeftHandRing1 {
                      FrameTransformMatrix {
                         0.994621,-0.067877, 0.078238, 0.000000,
                        -0.078904,-0.007183, 0.996856, 0.000000,
                        -0.067102,-0.997668,-0.012500, 0.000000,
                         2.241692, 9.308403,-0.143487, 1.000000;;
                      }
                      Frame Armature_mixamorig_LeftHandRing2 {
                        FrameTransformMatrix {
                           0.999740, 0.012062, 0.019347, 0.000000,
                          -0.022737, 0.464642, 0.885207, 0.000000,
                           0.001688,-0.885416, 0.464796, 0.000000,
                           0.000003, 4.019397, 0.000002, 1.000000;;
                        }
                        Frame Armature_mixamorig_LeftHandRing3 {
                          FrameTransformMatrix {
                             0.999789,-0.020456, 0.001928, 0.000000,
                             0.004310, 0.300542, 0.953759, 0.000000,
                            -0.020090,-0.953549, 0.300567, 0.000000,
                            -0.000003, 2.790811,-0.000003, 1.000000;;
                          }
                          Frame Armature_mixamorig_LeftHandRing4 {
                            FrameTransformMatrix {
                               1.000000, 0.000000, 0.000000, 0.000000,
                              -0.000000, 1.000000, 0.000000, 0.000000,
                               0.000000, 0.000000, 1.000000, 0.000000,
                               0.000002, 2.540696,-0.000001, 1.000000;;
                            }
                          } // End of Armature_mixamorig_LeftHandRing4
                        } // End of Armature_mixamorig_LeftHandRing3
                      } // End of Armature_mixamorig_LeftHandRing2
                    } // End of Armature_mixamorig_LeftHandRing1
                    Frame Armature_mixamorig_LeftHandThumb1 {
                      FrameTransformMatrix {
                         0.857894, 0.512731, 0.033535, 0.000000,
                        -0.403426, 0.631711, 0.661958, 0.000000,
                         0.318222,-0.581419, 0.748790, 0.000000,
                        -2.370415, 3.545601, 1.908202, 1.000000;;
                      }
                      Frame Armature_mixamorig_LeftHandThumb2 {
                        FrameTransformMatrix {
                           0.922590,-0.322804,-0.211246, 0.000000,
                           0.321792, 0.945959,-0.040132, 0.000000,
                           0.212785,-0.030952, 0.976609, 0.000000,
                           0.000000, 2.808402, 0.000002, 1.000000;;
                        }
                        Frame Armature_mixamorig_LeftHandThumb3 {
                          FrameTransformMatrix {
                             0.590302, 0.029091,-0.806658, 0.000000,
                             0.439597, 0.826561, 0.351499, 0.000000,
                             0.676978,-0.562095, 0.475132, 0.000000,
                             0.000003, 2.379001, 0.000003, 1.000000;;
                          }
                          Frame Armature_mixamorig_LeftHandThumb4 {
                            FrameTransformMatrix {
                               1.000000,-0.000000, 0.000000, 0.000000,
                              -0.000000, 1.000000, 0.000000, 0.000000,
                               0.000000,-0.000000, 1.000000, 0.000000,
                              -0.000001, 2.445000, 0.000010, 1.000000;;
                            }
                          } // End of Armature_mixamorig_LeftHandThumb4
                        } // End of Armature_mixamorig_LeftHandThumb3
                      } // End of Armature_mixamorig_LeftHandThumb2
                    } // End of Armature_mixamorig_LeftHandThumb1
                  } // End of Armature_mixamorig_LeftHand
                  Frame Armature_mixamorig_Shield_joint {
                    FrameTransformMatrix {
                       0.000000, 1.000000,-0.000000, 0.000000,
                       0.000000,-0.000000,-1.000000, 0.000000,
                      -1.000000, 0.000000,-0.000000, 0.000000,
                       0.398196,14.663401,-5.648609, 1.000000;;
                    }
                  } // End of Armature_mixamorig_Shield_joint
                } // End of Armature_mixamorig_LeftForeArm
              } // End of Armature_mixamorig_LeftArm
            } // End of Armature_mixamorig_LeftShoulder
            Frame Armature_mixamorig_Neck {
              FrameTransformMatrix {
                 0.985070,-0.032878,-0.168988, 0.000000,
                 0.027000, 0.998952,-0.036964, 0.000000,
                 0.170026, 0.031849, 0.984925, 0.000000,
                 0.024400,15.862297,-1.675800, 1.000000;;
              }
              Frame Armature_mixamorig_Head {
                FrameTransformMatrix {
                   0.912383,-0.112642,-0.393533, 0.000000,
                   0.079624, 0.991867,-0.099302, 0.000000,
                   0.401518, 0.059267, 0.913932, 0.000000,
                  -0.000000, 5.564003, 0.988103, 1.000000;;
                }
                Frame Armature_mixamorig_HeadTop_End {
                  FrameTransformMatrix {
                     1.000000, 0.000000, 0.000000, 0.000000,
                     0.000000, 1.000000, 0.000000, 0.000000,
                    -0.000000, 0.000000, 1.000000, 0.000000,
                     0.000000,18.311907, 3.086899, 1.000000;;
                  }
                } // End of Armature_mixamorig_HeadTop_End
                Frame Armature_mixamorig_LeftEye {
                  FrameTransformMatrix {
                    -0.000000,-0.000000,-1.000000, 0.000000,
                     1.000000,-0.000000,-0.000000, 0.000000,
                    -0.000000,-1.000000,-0.000000, 0.000000,
                     2.284400, 7.935694, 7.063701, 1.000000;;
                  }
                } // End of Armature_mixamorig_LeftEye
                Frame Armature_mixamorig_RightEye {
                  FrameTransformMatrix {
                     0.000000,-0.000000, 1.000000, 0.000000,
                    -1.000000, 0.000000,-0.000000, 0.000000,
                    -0.000000,-1.000000,-0.000000, 0.000000,
                    -2.377500, 7.935694, 7.063701, 1.000000;;
                  }
                } // End of Armature_mixamorig_RightEye
              } // End of Armature_mixamorig_Head
            } // End of Armature_mixamorig_Neck
            Frame Armature_mixamorig_RightShoulder {
              FrameTransformMatrix {
                -0.328806, 0.121538, 0.936544, 0.000000,
                -0.929116,-0.219306,-0.297738, 0.000000,
                 0.169203,-0.968057, 0.185032, 0.000000,
                -5.979199,13.670193,-1.662598, 1.000000;;
              }
              Frame Armature_mixamorig_RightArm {
                FrameTransformMatrix {
                   0.997825,-0.030657, 0.058359, 0.000000,
                  -0.018875, 0.715356, 0.698505, 0.000000,
                  -0.063162,-0.698087, 0.713222, 0.000000,
                  -0.000003,12.607895,-0.000009, 1.000000;;
                }
                Frame Armature_mixamorig_RightForeArm {
                  FrameTransformMatrix {
                     0.266617,-0.960679,-0.077530, 0.000000,
                     0.963801, 0.265895, 0.019671, 0.000000,
                     0.001717,-0.079968, 0.996796, 0.000000,
                    -0.000002,25.574306,-0.000002, 1.000000;;
                  }
                  Frame Armature_mixamorig_RightHand {
                    FrameTransformMatrix {
                       0.884751,-0.464192,-0.041728, 0.000000,
                       0.464486, 0.870855, 0.160822, 0.000000,
                      -0.038313,-0.161670, 0.986101, 0.000000,
                      -0.000008,21.603497, 0.000008, 1.000000;;
                    }
                    Frame Armature_mixamorig_RightHandIndex1 {
                      FrameTransformMatrix {
                         0.998616, 0.052569,-0.001334, 0.000000,
                        -0.023971, 0.477653, 0.878222, 0.000000,
                         0.046805,-0.876975, 0.478252, 0.000000,
                         2.341896, 9.909597,-0.291396, 1.000000;;
                      }
                      Frame Armature_mixamorig_RightHandIndex2 {
                        FrameTransformMatrix {
                           0.997041,-0.076868,-0.000040, 0.000000,
                           0.030554, 0.395833, 0.917814, 0.000000,
                          -0.070534,-0.915100, 0.397010, 0.000000,
                           0.000004, 3.776708,-0.000000, 1.000000;;
                        }
                        Frame Armature_mixamorig_RightHandIndex3 {
                          FrameTransformMatrix {
                             0.999417, 0.007271, 0.033364, 0.000000,
                            -0.032429, 0.508176, 0.860643, 0.000000,
                            -0.010697,-0.861223, 0.508115, 0.000000,
                             0.000004, 2.542995, 0.000004, 1.000000;;
                          }
                          Frame Armature_mixamorig_RightHandIndex4 {
                            FrameTransformMatrix {
                               1.000000,-0.000000, 0.000000, 0.000000,
                              -0.000000, 1.000000,-0.000000, 0.000000,
                               0.000000, 0.000000, 1.000000, 0.000000,
                               0.000012, 2.529007, 0.000006, 1.000000;;
                            }
                          } // End of Armature_mixamorig_RightHandIndex4
                        } // End of Armature_mixamorig_RightHandIndex3
                      } // End of Armature_mixamorig_RightHandIndex2
                    } // End of Armature_mixamorig_RightHandIndex1
                    Frame Armature_mixamorig_RightHandMiddle1 {
                      FrameTransformMatrix {
                         0.999765, 0.001983,-0.021583, 0.000000,
                         0.019316, 0.370151, 0.928771, 0.000000,
                         0.009831,-0.928970, 0.370025, 0.000000,
                        -0.000008, 9.700602, 0.000009, 1.000000;;
                      }
                      Frame Armature_mixamorig_RightHandMiddle2 {
                        FrameTransformMatrix {
                           0.996317,-0.085734,-0.001530, 0.000000,
                           0.009743, 0.095466, 0.995385, 0.000000,
                          -0.085192,-0.991734, 0.095950, 0.000000,
                           0.000006, 4.014603,-0.000006, 1.000000;;
                        }
                        Frame Armature_mixamorig_RightHandMiddle3 {
                          FrameTransformMatrix {
                             0.999604, 0.023153, 0.015997, 0.000000,
                            -0.028125, 0.841186, 0.540014, 0.000000,
                            -0.000954,-0.540250, 0.841504, 0.000000,
                             0.000002, 2.996707, 0.000002, 1.000000;;
                          }
                          Frame Armature_mixamorig_RightHandMiddle4 {
                            FrameTransformMatrix {
                               1.000000,-0.000000, 0.000000, 0.000000,
                              -0.000000, 1.000000, 0.000000, 0.000000,
                               0.000000, 0.000000, 1.000000, 0.000000,
                               0.000004, 2.824990, 0.000003, 1.000000;;
                            }
                          } // End of Armature_mixamorig_RightHandMiddle4
                        } // End of Armature_mixamorig_RightHandMiddle3
                      } // End of Armature_mixamorig_RightHandMiddle2
                    } // End of Armature_mixamorig_RightHandMiddle1
                    Frame Armature_mixamorig_RightHandPinky1 {
                      FrameTransformMatrix {
                         0.997605,-0.002005,-0.069139, 0.000000,
                         0.069142, 0.056435, 0.996009, 0.000000,
                         0.001904,-0.998404, 0.056438, 0.000000,
                        -4.712808, 8.985298,-0.221698, 1.000000;;
                      }
                      Frame Armature_mixamorig_RightHandPinky2 {
                        FrameTransformMatrix {
                           0.999999,-0.001164,-0.000597, 0.000000,
                           0.001163, 0.581908, 0.813254, 0.000000,
                          -0.000599,-0.813254, 0.581908, 0.000000,
                           0.000004, 3.562510,-0.000001, 1.000000;;
                        }
                        Frame Armature_mixamorig_RightHandPinky3 {
                          FrameTransformMatrix {
                             1.000000,-0.000607,-0.000139, 0.000000,
                             0.000607, 0.900092, 0.435700, 0.000000,
                            -0.000139,-0.435700, 0.900092, 0.000000,
                            -0.000002, 2.335204, 0.000001, 1.000000;;
                          }
                          Frame Armature_mixamorig_RightHandPinky4 {
                            FrameTransformMatrix {
                               1.000000, 0.000000,-0.000000, 0.000000,
                              -0.000000, 1.000000,-0.000000, 0.000000,
                              -0.000000, 0.000000, 1.000000, 0.000000,
                              -0.000018, 2.037297,-0.000003, 1.000000;;
                            }
                          } // End of Armature_mixamorig_RightHandPinky4
                        } // End of Armature_mixamorig_RightHandPinky3
                      } // End of Armature_mixamorig_RightHandPinky2
                    } // End of Armature_mixamorig_RightHandPinky1
                    Frame Armature_mixamorig_RightHandRing1 {
                      FrameTransformMatrix {
                         0.996652, 0.080343, 0.015153, 0.000000,
                        -0.029995, 0.186894, 0.981922, 0.000000,
                         0.076059,-0.979089, 0.188679, 0.000000,
                        -2.241706, 9.308306,-0.143590, 1.000000;;
                      }
                      Frame Armature_mixamorig_RightHandRing2 {
                        FrameTransformMatrix {
                           0.999714,-0.020156,-0.012876, 0.000000,
                           0.018139, 0.288039, 0.957447, 0.000000,
                          -0.015589,-0.957407, 0.288322, 0.000000,
                           0.000005, 4.019394, 0.000001, 1.000000;;
                        }
                        Frame Armature_mixamorig_RightHandRing3 {
                          FrameTransformMatrix {
                             0.999784, 0.020757,-0.001198, 0.000000,
                            -0.015342, 0.775388, 0.631299, 0.000000,
                             0.014033,-0.631144, 0.775539, 0.000000,
                             0.000000, 2.790809,-0.000002, 1.000000;;
                          }
                          Frame Armature_mixamorig_RightHandRing4 {
                            FrameTransformMatrix {
                               1.000000,-0.000000,-0.000000, 0.000000,
                              -0.000000, 1.000000, 0.000000, 0.000000,
                               0.000000, 0.000000, 1.000000, 0.000000,
                               0.000010, 2.540700, 0.000001, 1.000000;;
                            }
                          } // End of Armature_mixamorig_RightHandRing4
                        } // End of Armature_mixamorig_RightHandRing3
                      } // End of Armature_mixamorig_RightHandRing2
                    } // End of Armature_mixamorig_RightHandRing1
                    Frame Armature_mixamorig_RightHandThumb1 {
                      FrameTransformMatrix {
                         0.976732,-0.103456, 0.187858, 0.000000,
                        -0.095406, 0.574892, 0.812648, 0.000000,
                        -0.192071,-0.811663, 0.551645, 0.000000,
                         2.370398, 3.545503, 1.908106, 1.000000;;
                      }
                      Frame Armature_mixamorig_RightHandThumb2 {
                        FrameTransformMatrix {
                           0.951148, 0.004170, 0.308707, 0.000000,
                           0.056214, 0.980855,-0.186448, 0.000000,
                          -0.303574, 0.194694, 0.932704, 0.000000,
                           0.000015, 2.808394,-0.000004, 1.000000;;
                        }
                        Frame Armature_mixamorig_RightHandThumb3 {
                          FrameTransformMatrix {
                             0.927105, 0.226646,-0.298510, 0.000000,
                            -0.296312, 0.930931,-0.213463, 0.000000,
                             0.229512, 0.286355, 0.930228, 0.000000,
                             0.000006, 2.379004,-0.000002, 1.000000;;
                          }
                          Frame Armature_mixamorig_RightHandThumb4 {
                            FrameTransformMatrix {
                               1.000000, 0.000000, 0.000000, 0.000000,
                               0.000000, 1.000000,-0.000000, 0.000000,
                              -0.000000, 0.000000, 1.000000, 0.000000,
                               0.000005, 2.444999, 0.000005, 1.000000;;
                            }
                          } // End of Armature_mixamorig_RightHandThumb4
                        } // End of Armature_mixamorig_RightHandThumb3
                      } // End of Armature_mixamorig_RightHandThumb2
                    } // End of Armature_mixamorig_RightHandThumb1
                    Frame Armature_mixamorig_Sword_joint {
                      FrameTransformMatrix {
                         0.000000,-1.000000,-0.000000, 0.000000,
                        -0.000000, 0.000000,-1.000000, 0.000000,
                         1.000000, 0.000000,-0.000000, 0.000000,
                        -0.770199, 7.959998, 2.820801, 1.000000;;
                      }
                    } // End of Armature_mixamorig_Sword_joint
                  } // End of Armature_mixamorig_RightHand
                } // End of Armature_mixamorig_RightForeArm
              } // End of Armature_mixamorig_RightArm
            } // End of Armature_mixamorig_RightShoulder
          } // End of Armature_mixamorig_Spine2
        } // End of Armature_mixamorig_Spine1
      } // End of Armature_mixamorig_Spine
    } // End of Armature_mixamorig_Hips
  } // End of Armature
} // End of Root
AnimationSet Global {
  Animation {
    {Armature}
    AnimationKey { // Rotation
      0;
      77;
      0;4;-0.707107, 0.707107, 0.000000, 0.000000;;,
      1;4;-0.707107, 0.707107, 0.000000, 0.000000;;,
      2;4;-0.707107, 0.707107, 0.000000, 0.000000;;,
      3;4;-0.707107, 0.707107, 0.000000, 0.000000;;,
      4;4;-0.707107, 0.707107, 0.000000, 0.000000;;,
      5;4;-0.707107, 0.707107, 0.000000, 0.000000;;,
      6;4;-0.707107, 0.707107, 0.000000, 0.000000;;,
      7;4;-0.707107, 0.707107, 0.000000, 0.000000;;,
      8;4;-0.707107, 0.707107, 0.000000, 0.000000;;,
      9;4;-0.707107, 0.707107, 0.000000, 0.000000;;,
      10;4;-0.707107, 0.707107, 0.000000, 0.000000;;,
      11;4;-0.707107, 0.707107, 0.000000, 0.000000;;,
      12;4;-0.707107, 0.707107, 0.000000, 0.000000;;,
      13;4;-0.707107, 0.707107, 0.000000, 0.000000;;,
      14;4;-0.707107, 0.707107, 0.000000, 0.000000;;,
      15;4;-0.707107, 0.707107, 0.000000, 0.000000;;,
      16;4;-0.707107, 0.707107, 0.000000, 0.000000;;,
      17;4;-0.707107, 0.707107, 0.000000, 0.000000;;,
      18;4;-0.707107, 0.707107, 0.000000, 0.000000;;,
      19;4;-0.707107, 0.707107, 0.000000, 0.000000;;,
      20;4;-0.707107, 0.707107, 0.000000, 0.000000;;,
      21;4;-0.707107, 0.707107, 0.000000, 0.000000;;,
      22;4;-0.707107, 0.707107, 0.000000, 0.000000;;,
      23;4;-0.707107, 0.707107, 0.000000, 0.000000;;,
      24;4;-0.707107, 0.707107, 0.000000, 0.000000;;,
      25;4;-0.707107, 0.707107, 0.000000, 0.000000;;,
      26;4;-0.707107, 0.707107, 0.000000, 0.000000;;,
      27;4;-0.707107, 0.707107, 0.000000, 0.000000;;,
      28;4;-0.707107, 0.707107, 0.000000, 0.000000;;,
      29;4;-0.707107, 0.707107, 0.000000, 0.000000;;,
      30;4;-0.707107, 0.707107, 0.000000, 0.000000;;,
      31;4;-0.707107, 0.707107, 0.000000, 0.000000;;,
      32;4;-0.707107, 0.707107, 0.000000, 0.000000;;,
      33;4;-0.707107, 0.707107, 0.000000, 0.000000;;,
      34;4;-0.707107, 0.707107, 0.000000, 0.000000;;,
      35;4;-0.707107, 0.707107, 0.000000, 0.000000;;,
      36;4;-0.707107, 0.707107, 0.000000, 0.000000;;,
      37;4;-0.707107, 0.707107, 0.000000, 0.000000;;,
      38;4;-0.707107, 0.707107, 0.000000, 0.000000;;,
      39;4;-0.707107, 0.707107, 0.000000, 0.000000;;,
      40;4;-0.707107, 0.707107, 0.000000, 0.000000;;,
      41;4;-0.707107, 0.707107, 0.000000, 0.000000;;,
      42;4;-0.707107, 0.707107, 0.000000, 0.000000;;,
      43;4;-0.707107, 0.707107, 0.000000, 0.000000;;,
      44;4;-0.707107, 0.707107, 0.000000, 0.000000;;,
      45;4;-0.707107, 0.707107, 0.000000, 0.000000;;,
      46;4;-0.707107, 0.707107, 0.000000, 0.000000;;,
      47;4;-0.707107, 0.707107, 0.000000, 0.000000;;,
      48;4;-0.707107, 0.707107, 0.000000, 0.000000;;,
      49;4;-0.707107, 0.707107, 0.000000, 0.000000;;,
      50;4;-0.707107, 0.707107, 0.000000, 0.000000;;,
      51;4;-0.707107, 0.707107, 0.000000, 0.000000;;,
      52;4;-0.707107, 0.707107, 0.000000, 0.000000;;,
      53;4;-0.707107, 0.707107, 0.000000, 0.000000;;,
      54;4;-0.707107, 0.707107, 0.000000, 0.000000;;,
      55;4;-0.707107, 0.707107, 0.000000, 0.000000;;,
      56;4;-0.707107, 0.707107, 0.000000, 0.000000;;,
      57;4;-0.707107, 0.707107, 0.000000, 0.000000;;,
      58;4;-0.707107, 0.707107, 0.000000, 0.000000;;,
      59;4;-0.707107, 0.707107, 0.000000, 0.000000;;,
      60;4;-0.707107, 0.707107, 0.000000, 0.000000;;,
      61;4;-0.707107, 0.707107, 0.000000, 0.000000;;,
      62;4;-0.707107, 0.707107, 0.000000, 0.000000;;,
      63;4;-0.707107, 0.707107, 0.000000, 0.000000;;,
      64;4;-0.707107, 0.707107, 0.000000, 0.000000;;,
      65;4;-0.707107, 0.707107, 0.000000, 0.000000;;,
      66;4;-0.707107, 0.707107, 0.000000, 0.000000;;,
      67;4;-0.707107, 0.707107, 0.000000, 0.000000;;,
      68;4;-0.707107, 0.707107, 0.000000, 0.000000;;,
      69;4;-0.707107, 0.707107, 0.000000, 0.000000;;,
      70;4;-0.707107, 0.707107, 0.000000, 0.000000;;,
      71;4;-0.707107, 0.707107, 0.000000, 0.000000;;,
      72;4;-0.707107, 0.707107, 0.000000, 0.000000;;,
      73;4;-0.707107, 0.707107, 0.000000, 0.000000;;,
      74;4;-0.707107, 0.707107, 0.000000, 0.000000;;,
      75;4;-0.707107, 0.707107, 0.000000, 0.000000;;,
      76;4;-0.707107, 0.707107, 0.000000, 0.000000;;;
    }
    AnimationKey { // Scale
      1;
      77;
      0;3; 0.010000, 0.010000, 0.010000;;,
      1;3; 0.010000, 0.010000, 0.010000;;,
      2;3; 0.010000, 0.010000, 0.010000;;,
      3;3; 0.010000, 0.010000, 0.010000;;,
      4;3; 0.010000, 0.010000, 0.010000;;,
      5;3; 0.010000, 0.010000, 0.010000;;,
      6;3; 0.010000, 0.010000, 0.010000;;,
      7;3; 0.010000, 0.010000, 0.010000;;,
      8;3; 0.010000, 0.010000, 0.010000;;,
      9;3; 0.010000, 0.010000, 0.010000;;,
      10;3; 0.010000, 0.010000, 0.010000;;,
      11;3; 0.010000, 0.010000, 0.010000;;,
      12;3; 0.010000, 0.010000, 0.010000;;,
      13;3; 0.010000, 0.010000, 0.010000;;,
      14;3; 0.010000, 0.010000, 0.010000;;,
      15;3; 0.010000, 0.010000, 0.010000;;,
      16;3; 0.010000, 0.010000, 0.010000;;,
      17;3; 0.010000, 0.010000, 0.010000;;,
      18;3; 0.010000, 0.010000, 0.010000;;,
      19;3; 0.010000, 0.010000, 0.010000;;,
      20;3; 0.010000, 0.010000, 0.010000;;,
      21;3; 0.010000, 0.010000, 0.010000;;,
      22;3; 0.010000, 0.010000, 0.010000;;,
      23;3; 0.010000, 0.010000, 0.010000;;,
      24;3; 0.010000, 0.010000, 0.010000;;,
      25;3; 0.010000, 0.010000, 0.010000;;,
      26;3; 0.010000, 0.010000, 0.010000;;,
      27;3; 0.010000, 0.010000, 0.010000;;,
      28;3; 0.010000, 0.010000, 0.010000;;,
      29;3; 0.010000, 0.010000, 0.010000;;,
      30;3; 0.010000, 0.010000, 0.010000;;,
      31;3; 0.010000, 0.010000, 0.010000;;,
      32;3; 0.010000, 0.010000, 0.010000;;,
      33;3; 0.010000, 0.010000, 0.010000;;,
      34;3; 0.010000, 0.010000, 0.010000;;,
      35;3; 0.010000, 0.010000, 0.010000;;,
      36;3; 0.010000, 0.010000, 0.010000;;,
      37;3; 0.010000, 0.010000, 0.010000;;,
      38;3; 0.010000, 0.010000, 0.010000;;,
      39;3; 0.010000, 0.010000, 0.010000;;,
      40;3; 0.010000, 0.010000, 0.010000;;,
      41;3; 0.010000, 0.010000, 0.010000;;,
      42;3; 0.010000, 0.010000, 0.010000;;,
      43;3; 0.010000, 0.010000, 0.010000;;,
      44;3; 0.010000, 0.010000, 0.010000;;,
      45;3; 0.010000, 0.010000, 0.010000;;,
      46;3; 0.010000, 0.010000, 0.010000;;,
      47;3; 0.010000, 0.010000, 0.010000;;,
      48;3; 0.010000, 0.010000, 0.010000;;,
      49;3; 0.010000, 0.010000, 0.010000;;,
      50;3; 0.010000, 0.010000, 0.010000;;,
      51;3; 0.010000, 0.010000, 0.010000;;,
      52;3; 0.010000, 0.010000, 0.010000;;,
      53;3; 0.010000, 0.010000, 0.010000;;,
      54;3; 0.010000, 0.010000, 0.010000;;,
      55;3; 0.010000, 0.010000, 0.010000;;,
      56;3; 0.010000, 0.010000, 0.010000;;,
      57;3; 0.010000, 0.010000, 0.010000;;,
      58;3; 0.010000, 0.010000, 0.010000;;,
      59;3; 0.010000, 0.010000, 0.010000;;,
      60;3; 0.010000, 0.010000, 0.010000;;,
      61;3; 0.010000, 0.010000, 0.010000;;,
      62;3; 0.010000, 0.010000, 0.010000;;,
      63;3; 0.010000, 0.010000, 0.010000;;,
      64;3; 0.010000, 0.010000, 0.010000;;,
      65;3; 0.010000, 0.010000, 0.010000;;,
      66;3; 0.010000, 0.010000, 0.010000;;,
      67;3; 0.010000, 0.010000, 0.010000;;,
      68;3; 0.010000, 0.010000, 0.010000;;,
      69;3; 0.010000, 0.010000, 0.010000;;,
      70;3; 0.010000, 0.010000, 0.010000;;,
      71;3; 0.010000, 0.010000, 0.010000;;,
      72;3; 0.010000, 0.010000, 0.010000;;,
      73;3; 0.010000, 0.010000, 0.010000;;,
      74;3; 0.010000, 0.010000, 0.010000;;,
      75;3; 0.010000, 0.010000, 0.010000;;,
      76;3; 0.010000, 0.010000, 0.010000;;;
    }
    AnimationKey { // Position
      2;
      77;
      0;3; 0.000000, 0.000000, 0.000000;;,
      1;3; 0.000000, 0.000000, 0.000000;;,
      2;3; 0.000000, 0.000000, 0.000000;;,
      3;3; 0.000000, 0.000000, 0.000000;;,
      4;3; 0.000000, 0.000000, 0.000000;;,
      5;3; 0.000000, 0.000000, 0.000000;;,
      6;3; 0.000000, 0.000000, 0.000000;;,
      7;3; 0.000000, 0.000000, 0.000000;;,
      8;3; 0.000000, 0.000000, 0.000000;;,
      9;3; 0.000000, 0.000000, 0.000000;;,
      10;3; 0.000000, 0.000000, 0.000000;;,
      11;3; 0.000000, 0.000000, 0.000000;;,
      12;3; 0.000000, 0.000000, 0.000000;;,
      13;3; 0.000000, 0.000000, 0.000000;;,
      14;3; 0.000000, 0.000000, 0.000000;;,
      15;3; 0.000000, 0.000000, 0.000000;;,
      16;3; 0.000000, 0.000000, 0.000000;;,
      17;3; 0.000000, 0.000000, 0.000000;;,
      18;3; 0.000000, 0.000000, 0.000000;;,
