xof 0303txt 0032

template XSkinMeshHeader {
  <3cf169ce-ff7c-44ab-93c0-f78f62d172e2>
  WORD nMaxSkinWeightsPerVertex;
  WORD nMaxSkinWeightsPerFace;
  WORD nBones;
}

template SkinWeights {
  <6f0d123b-bad2-4167-a0d0-80224f25fabb>
  STRING transformNodeName;
  DWORD nWeights;
  array DWORD vertexIndices[nWeights];
  array float weights[nWeights];
  Matrix4x4 matrixOffset;
}

Frame Root {
  FrameTransformMatrix {
     1.000000, 0.000000, 0.000000, 0.000000,
     0.000000,-0.000000,-1.000000, 0.000000,
     0.000000, 1.000000,-0.000000, 0.000000,
     0.000000, 0.000000, 0.000000, 1.000000;;
  }
  Frame Armature {
    FrameTransformMatrix {
       0.010000, 0.000000, 0.000000, 0.000000,
       0.000000,-0.000000, 0.010000, 0.000000,
       0.000000,-0.010000,-0.000000, 0.000000,
       0.000000, 0.000000, 0.000000, 1.000000;;
    }
    Frame Armature_mixamorig_Hips {
      FrameTransformMatrix {
         0.699333, 0.027836,-0.714253, 0.000000,
         0.101036, 0.985359, 0.137327, 0.000000,
         0.707619,-0.168203, 0.686282, 0.000000,
        -1.439972,81.099266,35.964767, 1.000000;;
      }
      Frame Armature_mixamorig_LeftUpLeg {
        FrameTransformMatrix {
          -0.940119,-0.000184,-0.340825, 0.000000,
          -0.271485,-0.604230, 0.749090, 0.000000,
          -0.206087, 0.796810, 0.567962, 0.000000,
           9.789103,-5.875898,-0.583701, 1.000000;;
        }
        Frame Armature_mixamorig_LeftLeg {
          FrameTransformMatrix {
             0.988401, 0.139250,-0.060605, 0.000000,
            -0.113675, 0.413741,-0.903270, 0.000000,
            -0.100706, 0.899682, 0.424771, 0.000000,
            -0.000000,41.701996, 0.000001, 1.000000;;
          }
          Frame Armature_mixamorig_LeftFoot {
            FrameTransformMatrix {
               0.988961,-0.131217,-0.068840, 0.000000,
               0.109670, 0.335757, 0.935542, 0.000000,
              -0.099645,-0.932765, 0.346441, 0.000000,
               0.000001,36.981026,-0.000001, 1.000000;;
            }
            Frame Armature_mixamorig_LeftToeBase {
              FrameTransformMatrix {
                 0.989807, 0.014881,-0.141632, 0.000000,
                 0.089018, 0.711644, 0.696877, 0.000000,
                 0.111162,-0.702382, 0.703066, 0.000000,
                 0.000000,16.700535, 0.000004, 1.000000;;
              }
              Frame Armature_mixamorig_LeftToe_End {
                FrameTransformMatrix {
                   1.000000,-0.000000,-0.000000, 0.000000,
                   0.000000, 1.000000, 0.000000, 0.000000,
                   0.000000,-0.000000, 1.000000, 0.000000,
                  -0.000004, 7.120431, 0.000000, 1.000000;;
                }
              } // End of Armature_mixamorig_LeftToe_End
            } // End of Armature_mixamorig_LeftToeBase
          } // End of Armature_mixamorig_LeftFoot
        } // End of Armature_mixamorig_LeftLeg
      } // End of Armature_mixamorig_LeftUpLeg
      Frame Armature_mixamorig_RightUpLeg {
        FrameTransformMatrix {
          -0.711629, 0.318936,-0.625954, 0.000000,
          -0.673923,-0.561671, 0.479924, 0.000000,
          -0.198527, 0.763417, 0.614601, 0.000000,
          -9.857698,-5.875897,-0.583703, 1.000000;;
        }
        Frame Armature_mixamorig_RightLeg {
          FrameTransformMatrix {
             0.990515, 0.129375,-0.046297, 0.000000,
            -0.112123, 0.566207,-0.816601, 0.000000,
            -0.079434, 0.814046, 0.575342, 0.000000,
             0.000004,41.702007,-0.000013, 1.000000;;
          }
          Frame Armature_mixamorig_RightFoot {
            FrameTransformMatrix {
               0.965814, 0.256058, 0.040473, 0.000000,
              -0.191094, 0.597707, 0.778607, 0.000000,
               0.175178,-0.759723, 0.626205, 0.000000,
              -0.000004,36.981030,-0.000003, 1.000000;;
            }
            Frame Armature_mixamorig_RightToeBase {
              FrameTransformMatrix {
                 0.998479, 0.031943,-0.044934, 0.000000,
                 0.012917, 0.656812, 0.753943, 0.000000,
                 0.053596,-0.753377, 0.655401, 0.000000,
                -0.000002,16.700531, 0.000001, 1.000000;;
              }
              Frame Armature_mixamorig_RightToe_End {
                FrameTransformMatrix {
                   1.000000, 0.000000, 0.000000, 0.000000,
                  -0.000000, 1.000000, 0.000000, 0.000000,
                  -0.000000,-0.000000, 1.000000, 0.000000,
                  -0.000005, 7.120428, 0.000000, 1.000000;;
                }
              } // End of Armature_mixamorig_RightToe_End
            } // End of Armature_mixamorig_RightToeBase
          } // End of Armature_mixamorig_RightFoot
        } // End of Armature_mixamorig_RightLeg
      } // End of Armature_mixamorig_RightUpLeg
      Frame Armature_mixamorig_Spine {
        FrameTransformMatrix {
           0.977950, 0.013011,-0.208433, 0.000000,
           0.012704, 0.992503, 0.121559, 0.000000,
           0.208452,-0.121526, 0.970453, 0.000000,
           0.017303,10.574802,-1.117200, 1.000000;;
        }
        Frame Armature_mixamorig_Spine1 {
          FrameTransformMatrix {
             0.998204, 0.024377,-0.054727, 0.000000,
            -0.023129, 0.999460, 0.023318, 0.000000,
             0.055266,-0.022010, 0.998229, 0.000000,
             0.000001,12.406004,-0.000001, 1.000000;;
          }
          Frame Armature_mixamorig_Spine2 {
            FrameTransformMatrix {
               0.998233, 0.024742,-0.054032, 0.000000,
              -0.017598, 0.991501, 0.128899, 0.000000,
               0.056762,-0.127721, 0.990185, 0.000000,
               0.000002,14.178319,-0.000004, 1.000000;;
            }
            Frame Armature_mixamorig_LeftShoulder {
              FrameTransformMatrix {
                 0.545842, 0.064790,-0.835379, 0.000000,
                 0.836514,-0.099216, 0.538889, 0.000000,
                -0.047968,-0.992954,-0.108354, 0.000000,
                 5.934999,13.670205,-1.662608, 1.000000;;
              }
              Frame Armature_mixamorig_LeftArm {
                FrameTransformMatrix {
                   0.979768, 0.192751,-0.053866, 0.000000,
                  -0.071428, 0.588195, 0.805559, 0.000000,
                   0.186956,-0.785413, 0.590063, 0.000000,
                   0.000006,12.607897,-0.000003, 1.000000;;
                }
                Frame Armature_mixamorig_LeftForeArm {
                  FrameTransformMatrix {
                     0.576968, 0.552268, 0.601754, 0.000000,
                    -0.677294, 0.735273,-0.025410, 0.000000,
                    -0.456487,-0.392904, 0.798277, 0.000000,
                     0.000002,25.574303, 0.000005, 1.000000;;
                  }
                  Frame Armature_mixamorig_LeftHand {
                    FrameTransformMatrix {
                       0.942740, 0.333427, 0.008195, 0.000000,
                      -0.333338, 0.941090, 0.056878, 0.000000,
                       0.011252,-0.056353, 0.998347, 0.000000,
                       0.000000,21.603407,-0.000010, 1.000000;;
                    }
                    Frame Armature_mixamorig_LeftHandIndex1 {
                      FrameTransformMatrix {
                         0.988688, 0.136287, 0.062622, 0.000000,
                        -0.083140, 0.150493, 0.985109, 0.000000,
                         0.124833,-0.979172, 0.160122, 0.000000,
                        -2.341911, 9.909700,-0.291398, 1.000000;;
                      }
                      Frame Armature_mixamorig_LeftHandIndex2 {
                        FrameTransformMatrix {
                           0.997049, 0.076770, 0.000077, 0.000000,
                          -0.029501, 0.382219, 0.923601, 0.000000,
                           0.070875,-0.920877, 0.383356, 0.000000,
                           0.000005, 3.776704,-0.000003, 1.000000;;
                        }
                        Frame Armature_mixamorig_LeftHandIndex3 {
                          FrameTransformMatrix {
                             0.999414,-0.011738,-0.032140, 0.000000,
                             0.034215, 0.348779, 0.936580, 0.000000,
                             0.000216,-0.937131, 0.348976, 0.000000,
                            -0.000012, 2.542995,-0.000004, 1.000000;;
                          }
                          Frame Armature_mixamorig_LeftHandIndex4 {
                            FrameTransformMatrix {
                               1.000000,-0.000000,-0.000000, 0.000000,
                              -0.000000, 1.000000,-0.000000, 0.000000,
                               0.000000, 0.000000, 1.000000, 0.000000,
                               0.000010, 2.529098, 0.000000, 1.000000;;
                            }
                          } // End of Armature_mixamorig_LeftHandIndex4
                        } // End of Armature_mixamorig_LeftHandIndex3
                      } // End of Armature_mixamorig_LeftHandIndex2
                    } // End of Armature_mixamorig_LeftHandIndex1
                    Frame Armature_mixamorig_LeftHandMiddle1 {
                      FrameTransformMatrix {
                         0.994523,-0.041945, 0.095733, 0.000000,
                        -0.093215, 0.058365, 0.993934, 0.000000,
                        -0.047278,-0.997414, 0.054136, 0.000000,
                        -0.000006, 9.700803, 0.000000, 1.000000;;
                      }
                      Frame Armature_mixamorig_LeftHandMiddle2 {
                        FrameTransformMatrix {
                           0.996326, 0.085634, 0.001397, 0.000000,
                          -0.021202, 0.230808, 0.972768, 0.000000,
                           0.082980,-0.969224, 0.231776, 0.000000,
                          -0.000011, 4.014606, 0.000000, 1.000000;;
                        }
                        Frame Armature_mixamorig_LeftHandMiddle3 {
                          FrameTransformMatrix {
                             0.999616,-0.009141,-0.026175, 0.000000,
                             0.027673, 0.386802, 0.921747, 0.000000,
                             0.001699,-0.922117, 0.386906, 0.000000,
                             0.000004, 2.996701,-0.000001, 1.000000;;
                          }
                          Frame Armature_mixamorig_LeftHandMiddle4 {
                            FrameTransformMatrix {
                               1.000000, 0.000000, 0.000000, 0.000000,
                              -0.000000, 1.000000, 0.000000, 0.000000,
                               0.000000, 0.000000, 1.000000, 0.000000,
                              -0.000007, 2.824990,-0.000001, 1.000000;;
                            }
                          } // End of Armature_mixamorig_LeftHandMiddle4
                        } // End of Armature_mixamorig_LeftHandMiddle3
                      } // End of Armature_mixamorig_LeftHandMiddle2
                    } // End of Armature_mixamorig_LeftHandMiddle1
                    Frame Armature_mixamorig_LeftHandPinky1 {
                      FrameTransformMatrix {
                         0.977786,-0.143459, 0.152822, 0.000000,
                        -0.143501, 0.073272, 0.986934, 0.000000,
                        -0.152783,-0.986940, 0.051058, 0.000000,
                         4.712691, 8.985499,-0.221601, 1.000000;;
                      }
                      Frame Armature_mixamorig_LeftHandPinky2 {
                        FrameTransformMatrix {
                           0.999999, 0.001429, 0.001034, 0.000000,
                          -0.001386, 0.273864, 0.961767, 0.000000,
                           0.001092,-0.961767, 0.273866, 0.000000,
                           0.000010, 3.562502,-0.000001, 1.000000;;
                        }
                        Frame Armature_mixamorig_LeftHandPinky3 {
                          FrameTransformMatrix {
                             0.999999, 0.001105, 0.000415, 0.000000,
                            -0.001042, 0.661982, 0.749519, 0.000000,
                             0.000554,-0.749519, 0.661983, 0.000000,
                             0.000004, 2.335199,-0.000001, 1.000000;;
                          }
                          Frame Armature_mixamorig_LeftHandPinky4 {
                            FrameTransformMatrix {
                               1.000000,-0.000000, 0.000000, 0.000000,
                              -0.000000, 1.000000, 0.000000, 0.000000,
                               0.000000, 0.000000, 1.000000, 0.000000,
                              -0.000011, 2.037285,-0.000004, 1.000000;;
                            }
                          } // End of Armature_mixamorig_LeftHandPinky4
                        } // End of Armature_mixamorig_LeftHandPinky3
                      } // End of Armature_mixamorig_LeftHandPinky2
                    } // End of Armature_mixamorig_LeftHandPinky1
                    Frame Armature_mixamorig_LeftHandRing1 {
                      FrameTransformMatrix {
                         0.994615,-0.067991, 0.078217, 0.000000,
                        -0.078884,-0.007183, 0.996858, 0.000000,
                        -0.067215,-0.997660,-0.012508, 0.000000,
                         2.241693, 9.308403,-0.143493, 1.000000;;
                      }
                      Frame Armature_mixamorig_LeftHandRing2 {
                        FrameTransformMatrix {
                           0.999741, 0.012034, 0.019294, 0.000000,
                          -0.022676, 0.464644, 0.885207, 0.000000,
                           0.001688,-0.885416, 0.464797, 0.000000,
                          -0.000010, 4.019397, 0.000000, 1.000000;;
                        }
                        Frame Armature_mixamorig_LeftHandRing3 {
                          FrameTransformMatrix {
                             0.999789,-0.020430, 0.002011, 0.000000,
                             0.004223, 0.300544, 0.953759, 0.000000,
                            -0.020090,-0.953549, 0.300567, 0.000000,
                             0.000002, 2.790812, 0.000001, 1.000000;;
                          }
                          Frame Armature_mixamorig_LeftHandRing4 {
                            FrameTransformMatrix {
                               1.000000,-0.000000,-0.000000, 0.000000,
                              -0.000000, 1.000000, 0.000000, 0.000000,
                               0.000000, 0.000000, 1.000000, 0.000000,
                              -0.000001, 2.540687, 0.000008, 1.000000;;
                            }
                          } // End of Armature_mixamorig_LeftHandRing4
                        } // End of Armature_mixamorig_LeftHandRing3
                      } // End of Armature_mixamorig_LeftHandRing2
                    } // End of Armature_mixamorig_LeftHandRing1
                    Frame Armature_mixamorig_LeftHandThumb1 {
                      FrameTransformMatrix {
                         0.857894, 0.512731, 0.033535, 0.000000,
                        -0.403426, 0.631711, 0.661958, 0.000000,
                         0.318223,-0.581419, 0.748790, 0.000000,
                        -2.370408, 3.545599, 1.908196, 1.000000;;
                      }
                      Frame Armature_mixamorig_LeftHandThumb2 {
                        FrameTransformMatrix {
                           0.922590,-0.322804,-0.211246, 0.000000,
                           0.321792, 0.945959,-0.040132, 0.000000,
                           0.212785,-0.030952, 0.976609, 0.000000,
                           0.000007, 2.808402,-0.000001, 1.000000;;
                        }
                        Frame Armature_mixamorig_LeftHandThumb3 {
                          FrameTransformMatrix {
                             0.590302, 0.029091,-0.806658, 0.000000,
                             0.439596, 0.826561, 0.351499, 0.000000,
                             0.676978,-0.562095, 0.475132, 0.000000,
                            -0.000003, 2.379002, 0.000002, 1.000000;;
                          }
                          Frame Armature_mixamorig_LeftHandThumb4 {
                            FrameTransformMatrix {
                               1.000000, 0.000000, 0.000000, 0.000000,
                              -0.000000, 1.000000, 0.000000, 0.000000,
                               0.000000,-0.000000, 1.000000, 0.000000,
                              -0.000002, 2.445002, 0.000004, 1.000000;;
                            }
                          } // End of Armature_mixamorig_LeftHandThumb4
                        } // End of Armature_mixamorig_LeftHandThumb3
                      } // End of Armature_mixamorig_LeftHandThumb2
                    } // End of Armature_mixamorig_LeftHandThumb1
                  } // End of Armature_mixamorig_LeftHand
                  Frame Armature_mixamorig_Shield_joint {
                    FrameTransformMatrix {
                       0.000000, 1.000000,-0.000000, 0.000000,
                       0.000000,-0.000000,-1.000000, 0.000000,
                      -1.000000, 0.000000,-0.000000, 0.000000,
                       0.398202,14.663405,-5.648615, 1.000000;;
                    }
                  } // End of Armature_mixamorig_Shield_joint
                } // End of Armature_mixamorig_LeftForeArm
              } // End of Armature_mixamorig_LeftArm
            } // End of Armature_mixamorig_LeftShoulder
            Frame Armature_mixamorig_Neck {
              FrameTransformMatrix {
                 0.923894, 0.177396, 0.339043, 0.000000,
                -0.112404, 0.972773,-0.202678, 0.000000,
                -0.365766, 0.149143, 0.918679, 0.000000,
                 0.024403,15.862288,-1.675806, 1.000000;;
              }
              Frame Armature_mixamorig_Head {
                FrameTransformMatrix {
                   0.806119,-0.207498, 0.554181, 0.000000,
                   0.377339, 0.901651,-0.211284, 0.000000,
                  -0.455836, 0.379434, 0.805136, 0.000000,
                   0.000002, 5.564003, 0.988103, 1.000000;;
                }
                Frame Armature_mixamorig_HeadTop_End {
                  FrameTransformMatrix {
                     1.000000,-0.000000,-0.000000, 0.000000,
                     0.000000, 1.000000,-0.000000, 0.000000,
                    -0.000000, 0.000000, 1.000000, 0.000000,
                     0.000007,18.311893, 3.086904, 1.000000;;
                  }
                } // End of Armature_mixamorig_HeadTop_End
                Frame Armature_mixamorig_LeftEye {
                  FrameTransformMatrix {
                    -0.000000, 0.000000,-1.000000, 0.000000,
                     1.000000,-0.000000,-0.000000, 0.000000,
                    -0.000000,-1.000000,-0.000000, 0.000000,
                     2.284408, 7.935699, 7.063708, 1.000000;;
                  }
                } // End of Armature_mixamorig_LeftEye
                Frame Armature_mixamorig_RightEye {
                  FrameTransformMatrix {
                     0.000000,-0.000000, 1.000000, 0.000000,
                    -1.000000, 0.000000,-0.000000, 0.000000,
                    -0.000000,-1.000000,-0.000000, 0.000000,
                    -2.377494, 7.935692, 7.063705, 1.000000;;
                  }
                } // End of Armature_mixamorig_RightEye
              } // End of Armature_mixamorig_Head
            } // End of Armature_mixamorig_Neck
            Frame Armature_mixamorig_RightShoulder {
              FrameTransformMatrix {
                 0.492844,-0.042586, 0.869075, 0.000000,
                -0.862182,-0.158484, 0.481170, 0.000000,
                 0.117244,-0.986443,-0.114825, 0.000000,
                -5.979199,13.670194,-1.662604, 1.000000;;
              }
              Frame Armature_mixamorig_RightArm {
                FrameTransformMatrix {
                   0.079611,-0.955404,-0.284367, 0.000000,
                   0.993922, 0.097839,-0.050460, 0.000000,
                   0.076032,-0.278621, 0.957387, 0.000000,
                  -0.000002,12.607892, 0.000023, 1.000000;;
                }
                Frame Armature_mixamorig_RightForeArm {
                  FrameTransformMatrix {
                     0.331411,-0.896368,-0.294432, 0.000000,
                     0.941355, 0.335114, 0.039363, 0.000000,
                     0.063384,-0.290211, 0.954861, 0.000000,
                    -0.000006,25.574295,-0.000002, 1.000000;;
                  }
                  Frame Armature_mixamorig_RightHand {
                    FrameTransformMatrix {
                       0.998744,-0.039872, 0.030327, 0.000000,
                       0.036217, 0.992962, 0.112764, 0.000000,
                      -0.034610,-0.111524, 0.993159, 0.000000,
                      -0.000005,21.603498,-0.000002, 1.000000;;
                    }
                    Frame Armature_mixamorig_RightHandIndex1 {
                      FrameTransformMatrix {
                         0.998608, 0.052726,-0.001365, 0.000000,
                        -0.024020, 0.477650, 0.878222, 0.000000,
                         0.046957,-0.876967, 0.478251, 0.000000,
                         2.341920, 9.909594,-0.291393, 1.000000;;
                      }
                      Frame Armature_mixamorig_RightHandIndex2 {
                        FrameTransformMatrix {
                           0.997041,-0.076868,-0.000040, 0.000000,
                           0.030554, 0.395833, 0.917814, 0.000000,
                          -0.070534,-0.915100, 0.397010, 0.000000,
                          -0.000008, 3.776705,-0.000006, 1.000000;;
                        }
                        Frame Armature_mixamorig_RightHandIndex3 {
                          FrameTransformMatrix {
                             0.999417, 0.007271, 0.033364, 0.000000,
                            -0.032428, 0.508176, 0.860642, 0.000000,
                            -0.010697,-0.861223, 0.508115, 0.000000,
                             0.000014, 2.542986,-0.000002, 1.000000;;
                          }
                          Frame Armature_mixamorig_RightHandIndex4 {
                            FrameTransformMatrix {
                               1.000000, 0.000000, 0.000000, 0.000000,
                              -0.000000, 1.000000, 0.000000, 0.000000,
                              -0.000000, 0.000000, 1.000000, 0.000000,
                               0.000004, 2.529008, 0.000010, 1.000000;;
                            }
                          } // End of Armature_mixamorig_RightHandIndex4
                        } // End of Armature_mixamorig_RightHandIndex3
                      } // End of Armature_mixamorig_RightHandIndex2
                    } // End of Armature_mixamorig_RightHandIndex1
                    Frame Armature_mixamorig_RightHandMiddle1 {
                      FrameTransformMatrix {
                         0.999762, 0.001849,-0.021720, 0.000000,
                         0.019494, 0.370163, 0.928762, 0.000000,
                         0.009757,-0.928965, 0.370039, 0.000000,
                         0.000009, 9.700592, 0.000013, 1.000000;;
                      }
                      Frame Armature_mixamorig_RightHandMiddle2 {
                        FrameTransformMatrix {
                           0.996318,-0.085719,-0.001573, 0.000000,
                           0.009785, 0.095462, 0.995385, 0.000000,
                          -0.085173,-0.991735, 0.095950, 0.000000,
                           0.000012, 4.014601,-0.000006, 1.000000;;
                        }
                        Frame Armature_mixamorig_RightHandMiddle3 {
                          FrameTransformMatrix {
                             0.999604, 0.023148, 0.015994, 0.000000,
                            -0.028119, 0.841186, 0.540015, 0.000000,
                            -0.000953,-0.540251, 0.841504, 0.000000,
                            -0.000007, 2.996697,-0.000008, 1.000000;;
                          }
                          Frame Armature_mixamorig_RightHandMiddle4 {
                            FrameTransformMatrix {
                               1.000000, 0.000000, 0.000000, 0.000000,
                              -0.000000, 1.000000, 0.000000, 0.000000,
                              -0.000000, 0.000000, 1.000000, 0.000000,
                              -0.000001, 2.824993,-0.000004, 1.000000;;
                            }
                          } // End of Armature_mixamorig_RightHandMiddle4
                        } // End of Armature_mixamorig_RightHandMiddle3
                      } // End of Armature_mixamorig_RightHandMiddle2
                    } // End of Armature_mixamorig_RightHandMiddle1
                    Frame Armature_mixamorig_RightHandPinky1 {
                      FrameTransformMatrix {
                         0.997613,-0.002000,-0.069030, 0.000000,
                         0.069033, 0.056435, 0.996017, 0.000000,
                         0.001904,-0.998404, 0.056438, 0.000000,
                        -4.712786, 8.985296,-0.221689, 1.000000;;
                      }
                      Frame Armature_mixamorig_RightHandPinky2 {
                        FrameTransformMatrix {
                           0.999999,-0.001257,-0.000627, 0.000000,
                           0.001241, 0.581908, 0.813254, 0.000000,
                          -0.000657,-0.813254, 0.581909, 0.000000,
                           0.000013, 3.562487, 0.000002, 1.000000;;
                        }
                        Frame Armature_mixamorig_RightHandPinky3 {
                          FrameTransformMatrix {
                             1.000000,-0.000645,-0.000158, 0.000000,
                             0.000649, 0.900092, 0.435700, 0.000000,
                            -0.000139,-0.435700, 0.900092, 0.000000,
                            -0.000005, 2.335192,-0.000002, 1.000000;;
                          }
                          Frame Armature_mixamorig_RightHandPinky4 {
                            FrameTransformMatrix {
                               1.000000, 0.000000, 0.000000, 0.000000,
                               0.000000, 1.000000,-0.000000, 0.000000,
                              -0.000000, 0.000000, 1.000000, 0.000000,
                              -0.000006, 2.037308, 0.000002, 1.000000;;
                            }
                          } // End of Armature_mixamorig_RightHandPinky4
                        } // End of Armature_mixamorig_RightHandPinky3
                      } // End of Armature_mixamorig_RightHandPinky2
                    } // End of Armature_mixamorig_RightHandPinky1
                    Frame Armature_mixamorig_RightHandRing1 {
                      FrameTransformMatrix {
                         0.996665, 0.080184, 0.015158, 0.000000,
                        -0.029970, 0.186895, 0.981923, 0.000000,
                         0.075901,-0.979102, 0.188674, 0.000000,
                        -2.241683, 9.308300,-0.143591, 1.000000;;
                      }
                      Frame Armature_mixamorig_RightHandRing2 {
                        FrameTransformMatrix {
                           0.999718,-0.020078,-0.012706, 0.000000,
                           0.017954, 0.288043, 0.957449, 0.000000,
                          -0.015564,-0.957407, 0.288322, 0.000000,
                          -0.000000, 4.019400,-0.000011, 1.000000;;
                        }
                        Frame Armature_mixamorig_RightHandRing3 {
                          FrameTransformMatrix {
                             0.999784, 0.020757,-0.001198, 0.000000,
                            -0.015341, 0.775388, 0.631299, 0.000000,
                             0.014033,-0.631144, 0.775539, 0.000000,
                            -0.000007, 2.790803, 0.000004, 1.000000;;
                          }
                          Frame Armature_mixamorig_RightHandRing4 {
                            FrameTransformMatrix {
                               1.000000,-0.000000,-0.000000, 0.000000,
                              -0.000000, 1.000000, 0.000000, 0.000000,
                              -0.000000, 0.000000, 1.000000, 0.000000,
                              -0.000006, 2.540692,-0.000008, 1.000000;;
                            }
                          } // End of Armature_mixamorig_RightHandRing4
                        } // End of Armature_mixamorig_RightHandRing3
                      } // End of Armature_mixamorig_RightHandRing2
                    } // End of Armature_mixamorig_RightHandRing1
                    Frame Armature_mixamorig_RightHandThumb1 {
                      FrameTransformMatrix {
                         0.976732,-0.103456, 0.187858, 0.000000,
                        -0.095406, 0.574892, 0.812648, 0.000000,
                        -0.192071,-0.811663, 0.551645, 0.000000,
                         2.370414, 3.545497, 1.908112, 1.000000;;
                      }
                      Frame Armature_mixamorig_RightHandThumb2 {
                        FrameTransformMatrix {
                           0.951148, 0.004170, 0.308707, 0.000000,
                           0.056213, 0.980855,-0.186449, 0.000000,
                          -0.303574, 0.194694, 0.932704, 0.000000,
                           0.000002, 2.808392,-0.000010, 1.000000;;
                        }
                        Frame Armature_mixamorig_RightHandThumb3 {
                          FrameTransformMatrix {
                             0.927105, 0.226645,-0.298510, 0.000000,
                            -0.296312, 0.930931,-0.213463, 0.000000,
                             0.229512, 0.286355, 0.930228, 0.000000,
                             0.000003, 2.378994, 0.000006, 1.000000;;
                          }
                          Frame Armature_mixamorig_RightHandThumb4 {
                            FrameTransformMatrix {
                               1.000000, 0.000000, 0.000000, 0.000000,
                              -0.000000, 1.000000,-0.000000, 0.000000,
                              -0.000000, 0.000000, 1.000000, 0.000000,
                              -0.000002, 2.445001,-0.000006, 1.000000;;
                            }
                          } // End of Armature_mixamorig_RightHandThumb4
                        } // End of Armature_mixamorig_RightHandThumb3
                      } // End of Armature_mixamorig_RightHandThumb2
                    } // End of Armature_mixamorig_RightHandThumb1
                    Frame Armature_mixamorig_Sword_joint {
                      FrameTransformMatrix {
                        -0.000000,-1.000000,-0.000000, 0.000000,
                         0.000000, 0.000000,-1.000000, 0.000000,
                         1.000000,-0.000000, 0.000000, 0.000000,
                        -0.770185, 7.959993, 2.820808, 1.000000;;
                      }
                    } // End of Armature_mixamorig_Sword_joint
                  } // End of Armature_mixamorig_RightHand
                } // End of Armature_mixamorig_RightForeArm
              } // End of Armature_mixamorig_RightArm
            } // End of Armature_mixamorig_RightShoulder
          } // End of Armature_mixamorig_Spine2
        } // End of Armature_mixamorig_Spine1
      } // End of Armature_mixamorig_Spine
    } // End of Armature_mixamorig_Hips
  } // End of Armature
} // End of Root
AnimationSet Global {
  Animation {
    {Armature}
    AnimationKey { // Rotation
      0;
      17;
      0;4;-0.707107, 0.707107, 0.000000, 0.000000;;,
      1;4;-0.707107, 0.707107, 0.000000, 0.000000;;,
      2;4;-0.707107, 0.707107, 0.000000, 0.000000;;,
      3;4;-0.707107, 0.707107, 0.000000, 0.000000;;,
      4;4;-0.707107, 0.707107, 0.000000, 0.000000;;,
      5;4;-0.707107, 0.707107, 0.000000, 0.000000;;,
      6;4;-0.707107, 0.707107, 0.000000, 0.000000;;,
      7;4;-0.707107, 0.707107, 0.000000, 0.000000;;,
      8;4;-0.707107, 0.707107, 0.000000, 0.000000;;,
      9;4;-0.707107, 0.707107, 0.000000, 0.000000;;,
      10;4;-0.707107, 0.707107, 0.000000, 0.000000;;,
      11;4;-0.707107, 0.707107, 0.000000, 0.000000;;,
      12;4;-0.707107, 0.707107, 0.000000, 0.000000;;,
      13;4;-0.707107, 0.707107, 0.000000, 0.000000;;,
      14;4;-0.707107, 0.707107, 0.000000, 0.000000;;,
      15;4;-0.707107, 0.707107, 0.000000, 0.000000;;,
      16;4;-0.707107, 0.707107, 0.000000, 0.000000;;;
    }
    AnimationKey { // Scale
      1;
      17;
      0;3; 0.010000, 0.010000, 0.010000;;,
      1;3; 0.010000, 0.010000, 0.010000;;,
      2;3; 0.010000, 0.010000, 0.010000;;,
      3;3; 0.010000, 0.010000, 0.010000;;,
      4;3; 0.010000, 0.010000, 0.010000;;,
      5;3; 0.010000, 0.010000, 0.010000;;,
      6;3; 0.010000, 0.010000, 0.010000;;,
      7;3; 0.010000, 0.010000, 0.010000;;,
      8;3; 0.010000, 0.010000, 0.010000;;,
      9;3; 0.010000, 0.010000, 0.010000;;,
      10;3; 0.010000, 0.010000, 0.010000;;,
      11;3; 0.010000, 0.010000, 0.010000;;,
      12;3; 0.010000, 0.010000, 0.010000;;,
      13;3; 0.010000, 0.010000, 0.010000;;,
      14;3; 0.010000, 0.010000, 0.010000;;,
      15;3; 0.010000, 0.010000, 0.010000;;,
      16;3; 0.010000, 0.010000, 0.010000;;;
    }
    AnimationKey { // Position
      2;
      17;
      0;3; 0.000000, 0.000000, 0.000000;;,
      1;3; 0.000000, 0.000000, 0.000000;;,
      2;3; 0.000000, 0.000000, 0.000000;;,
      3;3; 0.000000, 0.000000, 0.000000;;,
      4;3; 0.000000, 0.000000, 0.000000;;,
      5;3; 0.000000, 0.000000, 0.000000;;,
      6;3; 0.000000, 0.000000, 0.000000;;,
      7;3; 0.000000, 0.000000, 0.000000;;,
      8;3; 0.000000, 0.000000, 0.000000;;,
      9;3; 0.000000, 0.000000, 0.000000;;,
      10;3; 0.000000, 0.000000, 0.000000;;,
      11;3; 0.000000, 0.000000, 0.000000;;,
      12;3; 0.000000, 0.000000, 0.000000;;,
      13;3; 0.000000, 0.000000, 0.000000;;,
      14;3; 0.000000, 0.000000, 0.000000;;,
      15;3; 0.000000, 0.000000, 0.000000;;,
      16;3; 0.000000, 0.000000, 0.000000;;;
    }
  }
  Animation {
    {Armature_mixamorig_Hips}
    AnimationKey { // Rotation
      0;
      17;
      0;4;-0.966542, 0.009021,-0.253862,-0.035621;;,
      1;4;-0.955145, 0.014957,-0.294658,-0.025526;;,
      2;4;-0.942647, 0.021161,-0.332751,-0.015669;;,
      3;4;-0.931091, 0.028301,-0.363626,-0.006643;;,
      4;4;-0.924116, 0.037496,-0.380268, 0.000618;;,
      5;4;-0.920098, 0.048345,-0.388640, 0.006501;;,
      6;4;-0.913287, 0.059642,-0.402743, 0.012153;;,
      7;4;-0.901409, 0.069095,-0.427082, 0.017000;;,
      8;4;-0.895139, 0.071846,-0.439434, 0.021517;;,
      9;4;-0.890567, 0.072708,-0.448259, 0.025850;;,
      10;4;-0.886912, 0.072611,-0.455205, 0.030036;;,
      11;4;-0.883637, 0.072533,-0.461289, 0.033706;;,
      12;4;-0.881856, 0.071706,-0.464605, 0.036481;;,
      13;4;-0.881716, 0.071450,-0.464878, 0.036896;;,
      14;4;-0.882569, 0.071831,-0.463289, 0.035709;;,
      15;4;-0.884343, 0.072986,-0.459907, 0.033103;;,
      16;4;-0.886323, 0.074331,-0.456068, 0.030144;;;
    }
    AnimationKey { // Scale
      1;
      17;
      0;3; 1.000000, 1.000000, 1.000000;;,
      1;3; 1.000000, 1.000000, 1.000000;;,
      2;3; 1.000000, 1.000000, 1.000000;;,
      3;3; 1.000000, 1.000000, 1.000000;;,
      4;3; 1.000000, 1.000000, 1.000000;;,
      5;3; 1.000000, 1.000000, 1.000000;;,
      6;3; 1.000000, 1.000000, 1.000000;;,
      7;3; 1.000000, 1.000000, 1.000000;;,
      8;3; 1.000000, 1.000000, 1.000000;;,
      9;3; 1.000000, 1.000000, 1.000000;;,
      10;3; 1.000000, 1.000000, 1.000000;;,
      11;3; 1.000000, 1.000000, 1.000000;;,
      12;3; 1.000000, 1.000000, 1.000000;;,
      13;3; 1.000000, 1.000000, 1.000000;;,
      14;3; 1.000000, 1.000000, 1.000000;;,
      15;3; 1.000000, 1.000000, 1.000000;;,
      16;3; 1.000000, 1.000000, 1.000000;;;
    }
    AnimationKey { // Position
      2;
      17;
      0;3;-5.300657,91.001541,32.191971;;,
      1;3;-4.152489,89.977875,29.203604;;,
      2;3;-3.044589,88.872971,26.177832;;,
      3;3;-2.067545,87.530846,23.043005;;,
      4;3;-1.388963,85.704041,19.642122;;,
      5;3;-0.975502,83.494858,15.982760;;,
      6;3;-0.677571,81.313934,12.173653;;,
      7;3;-0.678697,79.825943, 8.644841;;,
      8;3;-0.611436,79.265190, 6.593328;;,
      9;3;-0.524883,78.974754, 4.976680;;,
      10;3;-0.428411,78.826553, 3.591840;;,
      11;3;-0.335105,78.729889, 2.300522;;,
      12;3;-0.239932,78.830414, 1.342477;;,
      13;3;-0.167865,79.110580, 0.717614;;,
      14;3;-0.111901,79.502083, 0.307417;;,
      15;3;-0.067065,80.016441, 0.138821;;,
      16;3;-0.024743,80.561256, 0.030005;;;
    }
  }
  Animation {
    {Armature_mixamorig_Spine}
    AnimationKey { // Rotation
      0;
      17;
      0;4;-0.998052, 0.061909,-0.005675,-0.005243;;,
      1;4;-0.998239, 0.059167,-0.000712,-0.004325;;,
      2;4;-0.998403, 0.056243, 0.003822,-0.003574;;,
      3;4;-0.998549, 0.053293, 0.006939,-0.003428;;,
      4;4;-0.998658, 0.051075, 0.007033,-0.004860;;,
      5;4;-0.998739, 0.049261, 0.005607,-0.007841;;,
      6;4;-0.998826, 0.046645, 0.005676,-0.011761;;,
      7;4;-0.998909, 0.042434, 0.009210,-0.017169;;,
      8;4;-0.998960, 0.038977, 0.012924,-0.019810;;,
      9;4;-0.998988, 0.035728, 0.016647,-0.021669;;,
      10;4;-0.998994, 0.032584, 0.020354,-0.023119;;,
      11;4;-0.998985, 0.029398, 0.023843,-0.024428;;,
      12;4;-0.998975, 0.026209, 0.027003,-0.025161;;,
      13;4;-0.998994, 0.022725, 0.029169,-0.025357;;,
      14;4;-0.999025, 0.019018, 0.030821,-0.025234;;,
      15;4;-0.999053, 0.015113, 0.032399,-0.024790;;,
      16;4;-0.999066, 0.011155, 0.033963,-0.024277;;;
    }
    AnimationKey { // Scale
      1;
      17;
      0;3; 1.000000, 1.000000, 1.000000;;,
      1;3; 1.000000, 1.000000, 1.000000;;,
      2;3; 1.000000, 1.000000, 1.000000;;,
      3;3; 1.000000, 1.000000, 1.000000;;,
      4;3; 1.000000, 1.000000, 1.000000;;,
      5;3; 1.000000, 1.000000, 1.000000;;,
      6;3; 1.000000, 1.000000, 1.000000;;,
      7;3; 1.000000, 1.000000, 1.000000;;,
      8;3; 1.000000, 1.000000, 1.000000;;,
      9;3; 1.000000, 1.000000, 1.000000;;,
      10;3; 1.000000, 1.000000, 1.000000;;,
      11;3; 1.000000, 1.000000, 1.000000;;,
      12;3; 1.000000, 1.000000, 1.000000;;,
      13;3; 1.000000, 1.000000, 1.000000;;,
      14;3; 1.000000, 1.000000, 1.000000;;,
      15;3; 1.000000, 1.000000, 1.000000;;,
      16;3; 1.000000, 1.000000, 1.000000;;;
    }
    AnimationKey { // Position
      2;
      17;
      0;3; 0.017300,10.574809,-1.117201;;,
      1;3; 0.017301,10.574795,-1.117200;;,
      2;3; 0.017302,10.574798,-1.117200;;,
      3;3; 0.017302,10.574800,-1.117200;;,
      4;3; 0.017298,10.574807,-1.117201;;,
      5;3; 0.017300,10.574791,-1.117200;;,
      6;3; 0.017300,10.574797,-1.117200;;,
      7;3; 0.017300,10.574789,-1.117200;;,
      8;3; 0.017299,10.574791,-1.117201;;,
      9;3; 0.017300,10.574805,-1.117200;;,
      10;3; 0.017300,10.574804,-1.117200;;,
      11;3; 0.017300,10.574791,-1.117200;;,
      12;3; 0.017299,10.574792,-1.117200;;,
      13;3; 0.017300,10.574800,-1.117201;;,
      14;3; 0.017300,10.574793,-1.117198;;,
      15;3; 0.017300,10.574797,-1.117201;;,
      16;3; 0.017300,10.574805,-1.117200;;;
    }
  }
  Animation {
    {Armature_mixamorig_Spine1}
    AnimationKey { // Rotation
      0;
      17;
      0;4;-0.999953,-0.004723,-0.000184,-0.008426;;,
      1;4;-0.999958,-0.004994, 0.000880,-0.007587;;,
      2;4;-0.999962,-0.005210, 0.001838,-0.006757;;,
      3;4;-0.999966,-0.005234, 0.002467,-0.005923;;,
      4;4;-0.999973,-0.004847, 0.002427,-0.005049;;,
      5;4;-0.999980,-0.004281, 0.002030,-0.004184;;,
      6;4;-0.999984,-0.004130, 0.001845,-0.003474;;,
      7;4;-0.999983,-0.004599, 0.002202,-0.002780;;,
      8;4;-0.999988,-0.003749, 0.002990,-0.001147;;,
      9;4;-0.999989,-0.002515, 0.003892, 0.000778;;,
      10;4;-0.999984,-0.001081, 0.004850, 0.002864;;,
      11;4;-0.999970, 0.000417, 0.005793, 0.005074;;,
