xof 0303txt 0032

template XSkinMeshHeader {
  <3cf169ce-ff7c-44ab-93c0-f78f62d172e2>
  WORD nMaxSkinWeightsPerVertex;
  WORD nMaxSkinWeightsPerFace;
  WORD nBones;
}

template SkinWeights {
  <6f0d123b-bad2-4167-a0d0-80224f25fabb>
  STRING transformNodeName;
  DWORD nWeights;
  array DWORD vertexIndices[nWeights];
  array float weights[nWeights];
  Matrix4x4 matrixOffset;
}

Frame Root {
  FrameTransformMatrix {
     1.000000, 0.000000, 0.000000, 0.000000,
     0.000000,-0.000000,-1.000000, 0.000000,
     0.000000, 1.000000,-0.000000, 0.000000,
     0.000000, 0.000000, 0.000000, 1.000000;;
  }
  Frame Armature {
    FrameTransformMatrix {
       0.010000, 0.000000, 0.000000, 0.000000,
       0.000000,-0.000000, 0.010000, 0.000000,
       0.000000,-0.010000,-0.000000, 0.000000,
       0.000000, 0.000000, 0.000000, 1.000000;;
    }
    Frame Armature_mixamorig_Hips {
      FrameTransformMatrix {
         0.842112,-0.201741, 0.500147, 0.000000,
         0.017050, 0.936893, 0.349200, 0.000000,
        -0.539033,-0.285538, 0.792409, 0.000000,
         4.526880,72.571304,34.218510, 1.000000;;
      }
      Frame Armature_mixamorig_LeftUpLeg {
        FrameTransformMatrix {
          -0.755137,-0.301604, 0.582034, 0.000000,
           0.635274,-0.117455, 0.763257, 0.000000,
          -0.161849, 0.946171, 0.280276, 0.000000,
           9.789099,-5.875900,-0.583700, 1.000000;;
        }
        Frame Armature_mixamorig_LeftLeg {
          FrameTransformMatrix {
             0.970000,-0.235347, 0.060926, 0.000000,
             0.108422, 0.194492,-0.974894, 0.000000,
             0.217589, 0.952252, 0.214174, 0.000000,
             0.000002,41.701996,-0.000003, 1.000000;;
          }
          Frame Armature_mixamorig_LeftFoot {
            FrameTransformMatrix {
               0.993104,-0.079378,-0.086280, 0.000000,
               0.110472, 0.387168, 0.915367, 0.000000,
              -0.039255,-0.918586, 0.393267, 0.000000,
               0.000003,36.981026,-0.000000, 1.000000;;
            }
            Frame Armature_mixamorig_LeftToeBase {
              FrameTransformMatrix {
                 0.991963, 0.017552, 0.125308, 0.000000,
                -0.098390, 0.729684, 0.676669, 0.000000,
                -0.079558,-0.683559, 0.725546, 0.000000,
                -0.000001,16.700531,-0.000006, 1.000000;;
              }
              Frame Armature_mixamorig_LeftToe_End {
                FrameTransformMatrix {
                   1.000000,-0.000000,-0.000000, 0.000000,
                   0.000000, 1.000000, 0.000000, 0.000000,
                   0.000000,-0.000000, 1.000000, 0.000000,
                   0.000001, 7.120440,-0.000000, 1.000000;;
                }
              } // End of Armature_mixamorig_LeftToe_End
            } // End of Armature_mixamorig_LeftToeBase
          } // End of Armature_mixamorig_LeftFoot
        } // End of Armature_mixamorig_LeftLeg
      } // End of Armature_mixamorig_LeftUpLeg
      Frame Armature_mixamorig_RightUpLeg {
        FrameTransformMatrix {
          -0.923805, 0.382857,-0.001960, 0.000000,
          -0.371734,-0.895718, 0.243921, 0.000000,
           0.091636, 0.226075, 0.969731, 0.000000,
          -9.857702,-5.875893,-0.583701, 1.000000;;
        }
        Frame Armature_mixamorig_RightLeg {
          FrameTransformMatrix {
             0.999031, 0.000394,-0.044009, 0.000000,
            -0.035406, 0.601134,-0.798363, 0.000000,
             0.026141, 0.799148, 0.600566, 0.000000,
            -0.000000,41.701992, 0.000000, 1.000000;;
          }
          Frame Armature_mixamorig_RightFoot {
            FrameTransformMatrix {
               0.934198, 0.350788, 0.064968, 0.000000,
              -0.246431, 0.502836, 0.828509, 0.000000,
               0.257963,-0.790002, 0.556194, 0.000000,
               0.000000,36.981026, 0.000002, 1.000000;;
            }
            Frame Armature_mixamorig_RightToeBase {
              FrameTransformMatrix {
                 0.900584, 0.301990,-0.312650, 0.000000,
                 0.218197, 0.308011, 0.926023, 0.000000,
                 0.375949,-0.902182, 0.211496, 0.000000,
                 0.000001,16.700537,-0.000002, 1.000000;;
              }
              Frame Armature_mixamorig_RightToe_End {
                FrameTransformMatrix {
                   1.000000, 0.000000, 0.000000, 0.000000,
                  -0.000000, 1.000000, 0.000000, 0.000000,
                  -0.000000,-0.000000, 1.000000, 0.000000,
                   0.000001, 7.120428, 0.000001, 1.000000;;
                }
              } // End of Armature_mixamorig_RightToe_End
            } // End of Armature_mixamorig_RightToeBase
          } // End of Armature_mixamorig_RightFoot
        } // End of Armature_mixamorig_RightLeg
      } // End of Armature_mixamorig_RightUpLeg
      Frame Armature_mixamorig_Spine {
        FrameTransformMatrix {
           0.956192,-0.278598,-0.089884, 0.000000,
           0.286911, 0.952848, 0.098808, 0.000000,
           0.058118,-0.120268, 0.991039, 0.000000,
           0.017297,10.574800,-1.117200, 1.000000;;
        }
        Frame Armature_mixamorig_Spine1 {
          FrameTransformMatrix {
             0.998950,-0.037398,-0.026479, 0.000000,
             0.037594, 0.999269, 0.006946, 0.000000,
             0.026200,-0.007934, 0.999625, 0.000000,
            -0.000003,12.405997, 0.000002, 1.000000;;
          }
          Frame Armature_mixamorig_Spine2 {
            FrameTransformMatrix {
               0.998973,-0.036083,-0.027394, 0.000000,
               0.038925, 0.993003, 0.111485, 0.000000,
               0.023180,-0.112436, 0.993389, 0.000000,
               0.000001,14.178312,-0.000001, 1.000000;;
            }
            Frame Armature_mixamorig_LeftShoulder {
              FrameTransformMatrix {
                 0.067724, 0.009437,-0.997659, 0.000000,
                 0.997203, 0.031060, 0.067987, 0.000000,
                 0.031629,-0.999473,-0.007306, 0.000000,
                 5.934999,13.670196,-1.662599, 1.000000;;
              }
              Frame Armature_mixamorig_LeftArm {
                FrameTransformMatrix {
                   0.916646,-0.108128, 0.384797, 0.000000,
                  -0.161217, 0.780912, 0.603478, 0.000000,
                  -0.365745,-0.615211, 0.698388, 0.000000,
                   0.000000,12.607895, 0.000011, 1.000000;;
                }
                Frame Armature_mixamorig_LeftForeArm {
                  FrameTransformMatrix {
                    -0.017331, 0.845452, 0.533770, 0.000000,
                    -0.998569,-0.041644, 0.033539, 0.000000,
                     0.050584,-0.532425, 0.844965, 0.000000,
                    -0.000003,25.574305, 0.000004, 1.000000;;
                  }
                  Frame Armature_mixamorig_LeftHand {
                    FrameTransformMatrix {
                       0.989579, 0.142196, 0.022687, 0.000000,
                      -0.143404, 0.958974, 0.244549, 0.000000,
                       0.013018,-0.245254, 0.969371, 0.000000,
                       0.000001,21.603399,-0.000003, 1.000000;;
                    }
                    Frame Armature_mixamorig_LeftHandIndex1 {
                      FrameTransformMatrix {
                         0.988688, 0.136287, 0.062622, 0.000000,
                        -0.083140, 0.150493, 0.985109, 0.000000,
                         0.124833,-0.979172, 0.160122, 0.000000,
                        -2.341917, 9.909712,-0.291392, 1.000000;;
                      }
                      Frame Armature_mixamorig_LeftHandIndex2 {
                        FrameTransformMatrix {
                           0.997049, 0.076770, 0.000077, 0.000000,
                          -0.029502, 0.382219, 0.923601, 0.000000,
                           0.070875,-0.920877, 0.383356, 0.000000,
                          -0.000006, 3.776697,-0.000012, 1.000000;;
                        }
                        Frame Armature_mixamorig_LeftHandIndex3 {
                          FrameTransformMatrix {
                             0.999414,-0.011738,-0.032140, 0.000000,
                             0.034215, 0.348779, 0.936580, 0.000000,
                             0.000216,-0.937131, 0.348977, 0.000000,
                             0.000005, 2.543000, 0.000003, 1.000000;;
                          }
                          Frame Armature_mixamorig_LeftHandIndex4 {
                            FrameTransformMatrix {
                               1.000000,-0.000000, 0.000000, 0.000000,
                               0.000000, 1.000000,-0.000000, 0.000000,
                               0.000000, 0.000000, 1.000000, 0.000000,
                              -0.000009, 2.529102,-0.000004, 1.000000;;
                            }
                          } // End of Armature_mixamorig_LeftHandIndex4
                        } // End of Armature_mixamorig_LeftHandIndex3
                      } // End of Armature_mixamorig_LeftHandIndex2
                    } // End of Armature_mixamorig_LeftHandIndex1
                    Frame Armature_mixamorig_LeftHandMiddle1 {
                      FrameTransformMatrix {
                         0.994523,-0.041945, 0.095733, 0.000000,
                        -0.093215, 0.058365, 0.993934, 0.000000,
                        -0.047278,-0.997414, 0.054136, 0.000000,
                        -0.000014, 9.700815, 0.000005, 1.000000;;
                      }
                      Frame Armature_mixamorig_LeftHandMiddle2 {
                        FrameTransformMatrix {
                           0.996326, 0.085634, 0.001397, 0.000000,
                          -0.021202, 0.230808, 0.972768, 0.000000,
                           0.082979,-0.969224, 0.231776, 0.000000,
                          -0.000011, 4.014601,-0.000000, 1.000000;;
                        }
                        Frame Armature_mixamorig_LeftHandMiddle3 {
                          FrameTransformMatrix {
                             0.999616,-0.009141,-0.026175, 0.000000,
                             0.027673, 0.386802, 0.921747, 0.000000,
                             0.001699,-0.922117, 0.386907, 0.000000,
                            -0.000006, 2.996702,-0.000004, 1.000000;;
                          }
                          Frame Armature_mixamorig_LeftHandMiddle4 {
                            FrameTransformMatrix {
                               1.000000, 0.000000, 0.000000, 0.000000,
                              -0.000000, 1.000000, 0.000000, 0.000000,
                              -0.000000,-0.000000, 1.000000, 0.000000,
                               0.000020, 2.824998,-0.000002, 1.000000;;
                            }
                          } // End of Armature_mixamorig_LeftHandMiddle4
                        } // End of Armature_mixamorig_LeftHandMiddle3
                      } // End of Armature_mixamorig_LeftHandMiddle2
                    } // End of Armature_mixamorig_LeftHandMiddle1
                    Frame Armature_mixamorig_LeftHandPinky1 {
                      FrameTransformMatrix {
                         0.977786,-0.143459, 0.152822, 0.000000,
                        -0.143501, 0.073272, 0.986934, 0.000000,
                        -0.152782,-0.986940, 0.051058, 0.000000,
                         4.712682, 8.985514,-0.221594, 1.000000;;
                      }
                      Frame Armature_mixamorig_LeftHandPinky2 {
                        FrameTransformMatrix {
                           0.999998, 0.001429, 0.001034, 0.000000,
                          -0.001386, 0.273864, 0.961767, 0.000000,
                           0.001092,-0.961767, 0.273866, 0.000000,
                           0.000009, 3.562500,-0.000005, 1.000000;;
                        }
                        Frame Armature_mixamorig_LeftHandPinky3 {
                          FrameTransformMatrix {
                             0.999999, 0.001106, 0.000415, 0.000000,
                            -0.001043, 0.661982, 0.749519, 0.000000,
                             0.000554,-0.749519, 0.661983, 0.000000,
                             0.000014, 2.335197, 0.000004, 1.000000;;
                          }
                          Frame Armature_mixamorig_LeftHandPinky4 {
                            FrameTransformMatrix {
                               1.000000, 0.000000, 0.000000, 0.000000,
                              -0.000000, 1.000000,-0.000000, 0.000000,
                               0.000000,-0.000000, 1.000000, 0.000000,
                               0.000011, 2.037284,-0.000004, 1.000000;;
                            }
                          } // End of Armature_mixamorig_LeftHandPinky4
                        } // End of Armature_mixamorig_LeftHandPinky3
                      } // End of Armature_mixamorig_LeftHandPinky2
                    } // End of Armature_mixamorig_LeftHandPinky1
                    Frame Armature_mixamorig_LeftHandRing1 {
                      FrameTransformMatrix {
                         0.994615,-0.067990, 0.078217, 0.000000,
                        -0.078884,-0.007183, 0.996858, 0.000000,
                        -0.067215,-0.997660,-0.012508, 0.000000,
                         2.241683, 9.308405,-0.143486, 1.000000;;
                      }
                      Frame Armature_mixamorig_LeftHandRing2 {
                        FrameTransformMatrix {
                           0.999741, 0.012034, 0.019294, 0.000000,
                          -0.022676, 0.464644, 0.885207, 0.000000,
                           0.001688,-0.885416, 0.464797, 0.000000,
                           0.000000, 4.019392, 0.000005, 1.000000;;
                        }
                        Frame Armature_mixamorig_LeftHandRing3 {
                          FrameTransformMatrix {
                             0.999789,-0.020431, 0.002011, 0.000000,
                             0.004223, 0.300544, 0.953759, 0.000000,
                            -0.020090,-0.953549, 0.300567, 0.000000,
                            -0.000012, 2.790816, 0.000000, 1.000000;;
                          }
                          Frame Armature_mixamorig_LeftHandRing4 {
                            FrameTransformMatrix {
                               1.000000, 0.000000,-0.000000, 0.000000,
                              -0.000000, 1.000000, 0.000000, 0.000000,
                               0.000000, 0.000000, 1.000000, 0.000000,
                              -0.000003, 2.540696, 0.000007, 1.000000;;
                            }
                          } // End of Armature_mixamorig_LeftHandRing4
                        } // End of Armature_mixamorig_LeftHandRing3
                      } // End of Armature_mixamorig_LeftHandRing2
                    } // End of Armature_mixamorig_LeftHandRing1
                    Frame Armature_mixamorig_LeftHandThumb1 {
                      FrameTransformMatrix {
                         0.857894, 0.512731, 0.033535, 0.000000,
                        -0.403426, 0.631711, 0.661958, 0.000000,
                         0.318222,-0.581419, 0.748790, 0.000000,
                        -2.370410, 3.545604, 1.908202, 1.000000;;
                      }
                      Frame Armature_mixamorig_LeftHandThumb2 {
                        FrameTransformMatrix {
                           0.922590,-0.322804,-0.211246, 0.000000,
                           0.321792, 0.945959,-0.040132, 0.000000,
                           0.212785,-0.030952, 0.976609, 0.000000,
                          -0.000001, 2.808393, 0.000006, 1.000000;;
                        }
                        Frame Armature_mixamorig_LeftHandThumb3 {
                          FrameTransformMatrix {
                             0.590302, 0.029091,-0.806658, 0.000000,
                             0.439596, 0.826561, 0.351499, 0.000000,
                             0.676978,-0.562095, 0.475132, 0.000000,
                             0.000003, 2.378996,-0.000003, 1.000000;;
                          }
                          Frame Armature_mixamorig_LeftHandThumb4 {
                            FrameTransformMatrix {
                               1.000000, 0.000000, 0.000000, 0.000000,
                              -0.000000, 1.000000, 0.000000, 0.000000,
                               0.000000,-0.000000, 1.000000, 0.000000,
                               0.000000, 2.445004,-0.000000, 1.000000;;
                            }
                          } // End of Armature_mixamorig_LeftHandThumb4
                        } // End of Armature_mixamorig_LeftHandThumb3
                      } // End of Armature_mixamorig_LeftHandThumb2
                    } // End of Armature_mixamorig_LeftHandThumb1
                  } // End of Armature_mixamorig_LeftHand
                  Frame Armature_mixamorig_Shield_joint {
                    FrameTransformMatrix {
                       0.000000, 1.000000,-0.000000, 0.000000,
                       0.000000,-0.000000,-1.000000, 0.000000,
                      -1.000000, 0.000000,-0.000000, 0.000000,
                       0.398201,14.663404,-5.648606, 1.000000;;
                    }
                  } // End of Armature_mixamorig_Shield_joint
                } // End of Armature_mixamorig_LeftForeArm
              } // End of Armature_mixamorig_LeftArm
            } // End of Armature_mixamorig_LeftShoulder
            Frame Armature_mixamorig_Neck {
              FrameTransformMatrix {
                 0.998507,-0.002632,-0.054555, 0.000000,
                -0.002437, 0.995695,-0.092655, 0.000000,
                 0.054564, 0.092649, 0.994203, 0.000000,
                 0.024397,15.862291,-1.675800, 1.000000;;
              }
              Frame Armature_mixamorig_Head {
                FrameTransformMatrix {
                   0.965487,-0.075351,-0.249311, 0.000000,
                  -0.036397, 0.908807,-0.415627, 0.000000,
                   0.257894, 0.410357, 0.874699, 0.000000,
                  -0.000001, 5.563990, 0.988100, 1.000000;;
                }
                Frame Armature_mixamorig_HeadTop_End {
                  FrameTransformMatrix {
                     1.000000, 0.000000, 0.000000, 0.000000,
                     0.000000, 1.000000,-0.000000, 0.000000,
                    -0.000000, 0.000000, 1.000000, 0.000000,
                    -0.000003,18.311905, 3.086895, 1.000000;;
                  }
                } // End of Armature_mixamorig_HeadTop_End
                Frame Armature_mixamorig_LeftEye {
                  FrameTransformMatrix {
                    -0.000000, 0.000000,-1.000000, 0.000000,
                     1.000000,-0.000000,-0.000000, 0.000000,
                    -0.000000,-1.000000,-0.000000, 0.000000,
                     2.284397, 7.935705, 7.063701, 1.000000;;
                  }
                } // End of Armature_mixamorig_LeftEye
                Frame Armature_mixamorig_RightEye {
                  FrameTransformMatrix {
                     0.000000, 0.000000, 1.000000, 0.000000,
                    -1.000000, 0.000000,-0.000000, 0.000000,
                    -0.000000,-1.000000,-0.000000, 0.000000,
                    -2.377501, 7.935699, 7.063701, 1.000000;;
                  }
                } // End of Armature_mixamorig_RightEye
              } // End of Armature_mixamorig_Head
            } // End of Armature_mixamorig_Neck
            Frame Armature_mixamorig_RightShoulder {
              FrameTransformMatrix {
                 0.393837,-0.021706, 0.918924, 0.000000,
                -0.900167,-0.211392, 0.380805, 0.000000,
                 0.185988,-0.977160,-0.102793, 0.000000,
                -5.979199,13.670197,-1.662602, 1.000000;;
              }
              Frame Armature_mixamorig_RightArm {
                FrameTransformMatrix {
                   0.803070,-0.544858,-0.241265, 0.000000,
                   0.586018, 0.795519, 0.154056, 0.000000,
                   0.107992,-0.265103, 0.958153, 0.000000,
                  -0.000002,12.607896, 0.000001, 1.000000;;
                }
                Frame Armature_mixamorig_RightForeArm {
                  FrameTransformMatrix {
                     0.107070,-0.802560, 0.586884, 0.000000,
                     0.961310, 0.234248, 0.144953, 0.000000,
                    -0.253810, 0.548657, 0.796590, 0.000000,
                     0.000002,25.574301,-0.000010, 1.000000;;
                  }
                  Frame Armature_mixamorig_RightHand {
                    FrameTransformMatrix {
                       0.841213, 0.540572, 0.011961, 0.000000,
                      -0.537913, 0.834421, 0.119968, 0.000000,
                       0.054870,-0.107352, 0.992706, 0.000000,
                       0.000003,21.603506,-0.000006, 1.000000;;
                    }
                    Frame Armature_mixamorig_RightHandIndex1 {
                      FrameTransformMatrix {
                         0.998608, 0.052726,-0.001365, 0.000000,
                        -0.024020, 0.477650, 0.878222, 0.000000,
                         0.046957,-0.876967, 0.478251, 0.000000,
                         2.341893, 9.909595,-0.291409, 1.000000;;
                      }
                      Frame Armature_mixamorig_RightHandIndex2 {
                        FrameTransformMatrix {
                           0.997041,-0.076867,-0.000040, 0.000000,
                           0.030554, 0.395833, 0.917814, 0.000000,
                          -0.070534,-0.915100, 0.397011, 0.000000,
                          -0.000001, 3.776716,-0.000001, 1.000000;;
                        }
                        Frame Armature_mixamorig_RightHandIndex3 {
                          FrameTransformMatrix {
                             0.999417, 0.007271, 0.033364, 0.000000,
                            -0.032428, 0.508176, 0.860643, 0.000000,
                            -0.010697,-0.861223, 0.508115, 0.000000,
                             0.000001, 2.542994,-0.000005, 1.000000;;
                          }
                          Frame Armature_mixamorig_RightHandIndex4 {
                            FrameTransformMatrix {
                               1.000000, 0.000000, 0.000000, 0.000000,
                              -0.000000, 1.000000, 0.000000, 0.000000,
                               0.000000,-0.000000, 1.000000, 0.000000,
                               0.000000, 2.529006,-0.000005, 1.000000;;
                            }
                          } // End of Armature_mixamorig_RightHandIndex4
                        } // End of Armature_mixamorig_RightHandIndex3
                      } // End of Armature_mixamorig_RightHandIndex2
                    } // End of Armature_mixamorig_RightHandIndex1
                    Frame Armature_mixamorig_RightHandMiddle1 {
                      FrameTransformMatrix {
                         0.999762, 0.001849,-0.021721, 0.000000,
                         0.019494, 0.370163, 0.928762, 0.000000,
                         0.009757,-0.928965, 0.370039, 0.000000,
                        -0.000009, 9.700592,-0.000012, 1.000000;;
                      }
                      Frame Armature_mixamorig_RightHandMiddle2 {
                        FrameTransformMatrix {
                           0.996318,-0.085719,-0.001573, 0.000000,
                           0.009785, 0.095463, 0.995385, 0.000000,
                          -0.085173,-0.991735, 0.095950, 0.000000,
                          -0.000007, 4.014596, 0.000000, 1.000000;;
                        }
                        Frame Armature_mixamorig_RightHandMiddle3 {
                          FrameTransformMatrix {
                             0.999604, 0.023148, 0.015994, 0.000000,
                            -0.028119, 0.841186, 0.540015, 0.000000,
                            -0.000954,-0.540251, 0.841504, 0.000000,
                            -0.000001, 2.996704, 0.000009, 1.000000;;
                          }
                          Frame Armature_mixamorig_RightHandMiddle4 {
                            FrameTransformMatrix {
                               1.000000, 0.000000,-0.000000, 0.000000,
                               0.000000, 1.000000, 0.000000, 0.000000,
                               0.000000,-0.000000, 1.000000, 0.000000,
                               0.000002, 2.824992, 0.000008, 1.000000;;
                            }
                          } // End of Armature_mixamorig_RightHandMiddle4
                        } // End of Armature_mixamorig_RightHandMiddle3
                      } // End of Armature_mixamorig_RightHandMiddle2
                    } // End of Armature_mixamorig_RightHandMiddle1
                    Frame Armature_mixamorig_RightHandPinky1 {
                      FrameTransformMatrix {
                         0.997612,-0.001999,-0.069031, 0.000000,
                         0.069033, 0.056435, 0.996017, 0.000000,
                         0.001904,-0.998404, 0.056438, 0.000000,
                        -4.712808, 8.985298,-0.221708, 1.000000;;
                      }
                      Frame Armature_mixamorig_RightHandPinky2 {
                        FrameTransformMatrix {
                           0.999999,-0.001257,-0.000627, 0.000000,
                           0.001241, 0.581908, 0.813254, 0.000000,
                          -0.000657,-0.813254, 0.581909, 0.000000,
                           0.000000, 3.562500, 0.000003, 1.000000;;
                        }
                        Frame Armature_mixamorig_RightHandPinky3 {
                          FrameTransformMatrix {
                             1.000000,-0.000645,-0.000158, 0.000000,
                             0.000649, 0.900092, 0.435700, 0.000000,
                            -0.000139,-0.435700, 0.900092, 0.000000,
                             0.000002, 2.335211,-0.000005, 1.000000;;
                          }
                          Frame Armature_mixamorig_RightHandPinky4 {
                            FrameTransformMatrix {
                               1.000000, 0.000000, 0.000000, 0.000000,
                              -0.000000, 1.000000,-0.000000, 0.000000,
                               0.000000, 0.000000, 1.000000, 0.000000,
                               0.000004, 2.037292, 0.000000, 1.000000;;
                            }
                          } // End of Armature_mixamorig_RightHandPinky4
                        } // End of Armature_mixamorig_RightHandPinky3
                      } // End of Armature_mixamorig_RightHandPinky2
                    } // End of Armature_mixamorig_RightHandPinky1
                    Frame Armature_mixamorig_RightHandRing1 {
                      FrameTransformMatrix {
                         0.996665, 0.080184, 0.015158, 0.000000,
                        -0.029970, 0.186895, 0.981923, 0.000000,
                         0.075902,-0.979102, 0.188674, 0.000000,
                        -2.241706, 9.308298,-0.143602, 1.000000;;
                      }
                      Frame Armature_mixamorig_RightHandRing2 {
                        FrameTransformMatrix {
                           0.999718,-0.020078,-0.012706, 0.000000,
                           0.017954, 0.288043, 0.957449, 0.000000,
                          -0.015564,-0.957407, 0.288322, 0.000000,
                          -0.000000, 4.019394,-0.000008, 1.000000;;
                        }
                        Frame Armature_mixamorig_RightHandRing3 {
                          FrameTransformMatrix {
                             0.999784, 0.020757,-0.001198, 0.000000,
                            -0.015341, 0.775388, 0.631299, 0.000000,
                             0.014033,-0.631144, 0.775539, 0.000000,
                             0.000001, 2.790809, 0.000005, 1.000000;;
                          }
                          Frame Armature_mixamorig_RightHandRing4 {
                            FrameTransformMatrix {
                               1.000000, 0.000000, 0.000000, 0.000000,
                              -0.000000, 1.000000, 0.000000, 0.000000,
                               0.000000,-0.000000, 1.000000, 0.000000,
                               0.000002, 2.540688,-0.000001, 1.000000;;
                            }
                          } // End of Armature_mixamorig_RightHandRing4
                        } // End of Armature_mixamorig_RightHandRing3
                      } // End of Armature_mixamorig_RightHandRing2
                    } // End of Armature_mixamorig_RightHandRing1
                    Frame Armature_mixamorig_RightHandThumb1 {
                      FrameTransformMatrix {
                         0.976732,-0.103456, 0.187858, 0.000000,
                        -0.095406, 0.574892, 0.812648, 0.000000,
                        -0.192071,-0.811662, 0.551646, 0.000000,
                         2.370394, 3.545504, 1.908086, 1.000000;;
                      }
                      Frame Armature_mixamorig_RightHandThumb2 {
                        FrameTransformMatrix {
                           0.951148, 0.004170, 0.308707, 0.000000,
                           0.056214, 0.980855,-0.186449, 0.000000,
                          -0.303574, 0.194694, 0.932704, 0.000000,
                           0.000003, 2.808401,-0.000006, 1.000000;;
                        }
                        Frame Armature_mixamorig_RightHandThumb3 {
                          FrameTransformMatrix {
                             0.927105, 0.226645,-0.298511, 0.000000,
                            -0.296312, 0.930931,-0.213463, 0.000000,
                             0.229512, 0.286355, 0.930228, 0.000000,
                            -0.000007, 2.378996,-0.000008, 1.000000;;
                          }
                          Frame Armature_mixamorig_RightHandThumb4 {
                            FrameTransformMatrix {
                               1.000000,-0.000000, 0.000000, 0.000000,
                              -0.000000, 1.000000,-0.000000, 0.000000,
                               0.000000, 0.000000, 1.000000, 0.000000,
                               0.000004, 2.445007, 0.000022, 1.000000;;
                            }
                          } // End of Armature_mixamorig_RightHandThumb4
                        } // End of Armature_mixamorig_RightHandThumb3
                      } // End of Armature_mixamorig_RightHandThumb2
                    } // End of Armature_mixamorig_RightHandThumb1
                    Frame Armature_mixamorig_Sword_joint {
                      FrameTransformMatrix {
                        -0.000000,-1.000000,-0.000000, 0.000000,
                        -0.000000, 0.000000,-1.000000, 0.000000,
                         1.000000, 0.000000,-0.000000, 0.000000,
                        -0.770206, 7.959994, 2.820788, 1.000000;;
                      }
                    } // End of Armature_mixamorig_Sword_joint
                  } // End of Armature_mixamorig_RightHand
                } // End of Armature_mixamorig_RightForeArm
              } // End of Armature_mixamorig_RightArm
            } // End of Armature_mixamorig_RightShoulder
          } // End of Armature_mixamorig_Spine2
        } // End of Armature_mixamorig_Spine1
      } // End of Armature_mixamorig_Spine
    } // End of Armature_mixamorig_Hips
  } // End of Armature
} // End of Root
AnimationSet Global {
  Animation {
    {Armature}
    AnimationKey { // Rotation
      0;
      14;
      0;4;-0.707107, 0.707107, 0.000000, 0.000000;;,
      1;4;-0.707107, 0.707107, 0.000000, 0.000000;;,
      2;4;-0.707107, 0.707107, 0.000000, 0.000000;;,
      3;4;-0.707107, 0.707107, 0.000000, 0.000000;;,
      4;4;-0.707107, 0.707107, 0.000000, 0.000000;;,
      5;4;-0.707107, 0.707107, 0.000000, 0.000000;;,
      6;4;-0.707107, 0.707107, 0.000000, 0.000000;;,
      7;4;-0.707107, 0.707107, 0.000000, 0.000000;;,
      8;4;-0.707107, 0.707107, 0.000000, 0.000000;;,
      9;4;-0.707107, 0.707107, 0.000000, 0.000000;;,
      10;4;-0.707107, 0.707107, 0.000000, 0.000000;;,
      11;4;-0.707107, 0.707107, 0.000000, 0.000000;;,
      12;4;-0.707107, 0.707107, 0.000000, 0.000000;;,
      13;4;-0.707107, 0.707107, 0.000000, 0.000000;;;
    }
    AnimationKey { // Scale
      1;
      14;
      0;3; 0.010000, 0.010000, 0.010000;;,
      1;3; 0.010000, 0.010000, 0.010000;;,
      2;3; 0.010000, 0.010000, 0.010000;;,
      3;3; 0.010000, 0.010000, 0.010000;;,
      4;3; 0.010000, 0.010000, 0.010000;;,
      5;3; 0.010000, 0.010000, 0.010000;;,
      6;3; 0.010000, 0.010000, 0.010000;;,
      7;3; 0.010000, 0.010000, 0.010000;;,
      8;3; 0.010000, 0.010000, 0.010000;;,
      9;3; 0.010000, 0.010000, 0.010000;;,
      10;3; 0.010000, 0.010000, 0.010000;;,
      11;3; 0.010000, 0.010000, 0.010000;;,
      12;3; 0.010000, 0.010000, 0.010000;;,
      13;3; 0.010000, 0.010000, 0.010000;;;
    }
    AnimationKey { // Position
      2;
      14;
      0;3; 0.000000, 0.000000, 0.000000;;,
      1;3; 0.000000, 0.000000, 0.000000;;,
      2;3; 0.000000, 0.000000, 0.000000;;,
      3;3; 0.000000, 0.000000, 0.000000;;,
      4;3; 0.000000, 0.000000, 0.000000;;,
      5;3; 0.000000, 0.000000, 0.000000;;,
      6;3; 0.000000, 0.000000, 0.000000;;,
      7;3; 0.000000, 0.000000, 0.000000;;,
      8;3; 0.000000, 0.000000, 0.000000;;,
      9;3; 0.000000, 0.000000, 0.000000;;,
      10;3; 0.000000, 0.000000, 0.000000;;,
      11;3; 0.000000, 0.000000, 0.000000;;,
      12;3; 0.000000, 0.000000, 0.000000;;,
      13;3; 0.000000, 0.000000, 0.000000;;;
    }
  }
  Animation {
    {Armature_mixamorig_Hips}
    AnimationKey { // Rotation
      0;
      14;
      0;4;-0.962024, 0.243712,-0.108349,-0.058099;;,
      1;4;-0.955343, 0.205595,-0.202091,-0.064878;;,
      2;4;-0.944909, 0.167936,-0.274942,-0.057887;;,
      3;4;-0.933586, 0.149907,-0.322766,-0.042048;;,
      4;4;-0.925658, 0.141078,-0.350275,-0.023699;;,
      5;4;-0.918139, 0.132867,-0.373279,-0.005395;;,
      6;4;-0.910976, 0.124906,-0.392921, 0.011587;;,
      7;4;-0.904359, 0.117286,-0.409574, 0.025054;;,
      8;4;-0.897334, 0.108023,-0.426678, 0.032695;;,
      9;4;-0.893543, 0.100150,-0.436361, 0.033765;;,
      10;4;-0.891164, 0.093272,-0.442728, 0.033451;;,
      11;4;-0.889604, 0.086971,-0.447209, 0.032333;;,
      12;4;-0.888220, 0.080799,-0.451191, 0.031042;;,
      13;4;-0.886323, 0.074331,-0.456068, 0.030144;;;
    }
    AnimationKey { // Scale
      1;
      14;
      0;3; 1.000000, 1.000000, 1.000000;;,
      1;3; 1.000000, 1.000000, 1.000000;;,
      2;3; 1.000000, 1.000000, 1.000000;;,
      3;3; 1.000000, 1.000000, 1.000000;;,
      4;3; 1.000000, 1.000000, 1.000000;;,
      5;3; 1.000000, 1.000000, 1.000000;;,
      6;3; 1.000000, 1.000000, 1.000000;;,
      7;3; 1.000000, 1.000000, 1.000000;;,
      8;3; 1.000000, 1.000000, 1.000000;;,
      9;3; 1.000000, 1.000000, 1.000000;;,
      10;3; 1.000000, 1.000000, 1.000000;;,
      11;3; 1.000000, 1.000000, 1.000000;;,
      12;3; 1.000000, 1.000000, 1.000000;;,
      13;3; 1.000000, 1.000000, 1.000000;;;
    }
    AnimationKey { // Position
      2;
      14;
      0;3; 4.496951,71.095062,39.457687;;,
      1;3; 4.708223,71.356865,37.114983;;,
      2;3; 4.526880,72.571304,34.218510;;,
      3;3; 4.054260,73.862823,30.509336;;,
      4;3; 3.576508,74.980103,26.480719;;,
      5;3; 3.090987,76.094490,22.260130;;,
      6;3; 2.603849,77.140755,18.009529;;,
      7;3; 2.081292,77.958282,13.979111;;,
      8;3; 1.537805,78.629410,10.336366;;,
      9;3; 1.153330,79.091652, 7.839709;;,
      10;3; 0.831664,79.488190, 5.723972;;,
      11;3; 0.545690,79.846222, 3.826750;;,
      12;3; 0.268658,80.195290, 1.982924;;,
      13;3;-0.024744,80.561256, 0.030003;;;
    }
  }
  Animation {
    {Armature_mixamorig_Spine}
    AnimationKey { // Rotation
      0;
      14;
      0;4;-0.983014, 0.056024, 0.074816,-0.157944;;,
      1;4;-0.985381, 0.057563, 0.054045,-0.150962;;,
      2;4;-0.987431, 0.055466, 0.037471,-0.143177;;,
      3;4;-0.989560, 0.046092, 0.022484,-0.134688;;,
      4;4;-0.991441, 0.034681, 0.013250,-0.125169;;,
      5;4;-0.993111, 0.022498, 0.004753,-0.114903;;,
      6;4;-0.994501, 0.012194,-0.001126,-0.104008;;,
      7;4;-0.995661, 0.008323, 0.000159,-0.092678;;,
      8;4;-0.996615, 0.012384, 0.005640,-0.081076;;,
      9;4;-0.997405, 0.014458, 0.011422,-0.069603;;,
      10;4;-0.998051, 0.014603, 0.017070,-0.058214;;,
      11;4;-0.998551, 0.013586, 0.022682,-0.046875;;,
      12;4;-0.998892, 0.012181, 0.028300,-0.035588;;,
      13;4;-0.999066, 0.011155, 0.033963,-0.024277;;;
    }
    AnimationKey { // Scale
      1;
      14;
      0;3; 1.000000, 1.000000, 1.000000;;,
      1;3; 1.000000, 1.000000, 1.000000;;,
      2;3; 1.000000, 1.000000, 1.000000;;,
      3;3; 1.000000, 1.000000, 1.000000;;,
      4;3; 1.000000, 1.000000, 1.000000;;,
      5;3; 1.000000, 1.000000, 1.000000;;,
      6;3; 1.000000, 1.000000, 1.000000;;,
      7;3; 1.000000, 1.000000, 1.000000;;,
      8;3; 1.000000, 1.000000, 1.000000;;,
      9;3; 1.000000, 1.000000, 1.000000;;,
      10;3; 1.000000, 1.000000, 1.000000;;,
      11;3; 1.000000, 1.000000, 1.000000;;,
      12;3; 1.000000, 1.000000, 1.000000;;,
      13;3; 1.000000, 1.000000, 1.000000;;;
    }
    AnimationKey { // Position
      2;
      14;
      0;3; 0.017301,10.574799,-1.117203;;,
      1;3; 0.017300,10.574800,-1.117203;;,
      2;3; 0.017297,10.574800,-1.117200;;,
      3;3; 0.017302,10.574792,-1.117200;;,
      4;3; 0.017302,10.574796,-1.117198;;,
      5;3; 0.017298,10.574803,-1.117202;;,
      6;3; 0.017301,10.574796,-1.117198;;,
      7;3; 0.017298,10.574802,-1.117202;;,
      8;3; 0.017300,10.574804,-1.117200;;,
      9;3; 0.017299,10.574800,-1.117202;;,
      10;3; 0.017301,10.574794,-1.117199;;,
      11;3; 0.017301,10.574796,-1.117203;;,
      12;3; 0.017301,10.574799,-1.117200;;,
      13;3; 0.017300,10.574798,-1.117201;;;
    }
  }
  Animation {
    {Armature_mixamorig_Spine1}
    AnimationKey { // Rotation
      0;
      14;
      0;4;-0.999309, 0.012161, 0.023893,-0.025742;;,
      1;4;-0.999568, 0.007032, 0.018175,-0.021987;;,
      2;4;-0.999731, 0.003721, 0.013173,-0.018753;;,
      3;4;-0.999814, 0.001519, 0.009585,-0.016648;;,
      4;4;-0.999852,-0.000425, 0.006770,-0.015793;;,
      5;4;-0.999865,-0.002744, 0.004096,-0.015671;;,
      6;4;-0.999862,-0.004829, 0.002130,-0.015768;;,
      7;4;-0.999859,-0.005967, 0.002229,-0.015533;;,
      8;4;-0.999878,-0.005632, 0.003491,-0.014134;;,
      9;4;-0.999946,-0.003111, 0.004884,-0.008674;;,
      10;4;-0.999979, 0.000094, 0.006244,-0.001749;;,
      11;4;-0.999947, 0.003679, 0.007548, 0.006020;;,
      12;4;-0.999836, 0.007342, 0.008790, 0.014006;;,
      13;4;-0.999659, 0.010785, 0.009984, 0.021583;;;
    }
    AnimationKey { // Scale
      1;
      14;
      0;3; 1.000000, 1.000000, 1.000000;;,
      1;3; 1.000000, 1.000000, 1.000000;;,
      2;3; 1.000000, 1.000000, 1.000000;;,
      3;3; 1.000000, 1.000000, 1.000000;;,
      4;3; 1.000000, 1.000000, 1.000000;;,
      5;3; 1.000000, 1.000000, 1.000000;;,
      6;3; 1.000000, 1.000000, 1.000000;;,
      7;3; 1.000000, 1.000000, 1.000000;;,
      8;3; 1.000000, 1.000000, 1.000000;;,
      9;3; 1.000000, 1.000000, 1.000000;;,
      10;3; 1.000000, 1.000000, 1.000000;;,
      11;3; 1.000000, 1.000000, 1.000000;;,
      12;3; 1.000000, 1.000000, 1.000000;;,
      13;3; 1.000000, 1.000000, 1.000000;;;
    }
    AnimationKey { // Position
      2;
      14;
      0;3; 0.000000,12.405992,-0.000003;;,
      1;3; 0.000001,12.405986, 0.000004;;,
      2;3;-0.000003,12.405997, 0.000002;;,
      3;3; 0.000002,12.405995, 0.000004;;,
      4;3; 0.000003,12.405989,-0.000000;;,
      5;3;-0.000003,12.405999,-0.000004;;,
      6;3; 0.000001,12.406001, 0.000000;;,
      7;3;-0.000002,12.405996,-0.000001;;,
      8;3; 0.000002,12.405995, 0.000001;;,
      9;3;-0.000002,12.405998, 0.000001;;,
      10;3; 0.000001,12.406006,-0.000003;;,
