xof 0303txt 0032

template XSkinMeshHeader {
  <3cf169ce-ff7c-44ab-93c0-f78f62d172e2>
  WORD nMaxSkinWeightsPerVertex;
  WORD nMaxSkinWeightsPerFace;
  WORD nBones;
}

template SkinWeights {
  <6f0d123b-bad2-4167-a0d0-80224f25fabb>
  STRING transformNodeName;
  DWORD nWeights;
  array DWORD vertexIndices[nWeights];
  array float weights[nWeights];
  Matrix4x4 matrixOffset;
}

Frame Root {
  FrameTransformMatrix {
     1.000000, 0.000000, 0.000000, 0.000000,
     0.000000,-0.000000,-1.000000, 0.000000,
     0.000000, 1.000000,-0.000000, 0.000000,
     0.000000, 0.000000, 0.000000, 1.000000;;
  }
  Frame Armature {
    FrameTransformMatrix {
       0.010000, 0.000000, 0.000000, 0.000000,
       0.000000,-0.000000, 0.010000, 0.000000,
       0.000000,-0.010000,-0.000000, 0.000000,
       0.000000, 0.000000, 0.000000, 1.000000;;
    }
    Frame Armature_mixamorig_Hips {
      FrameTransformMatrix {
         0.994999,-0.015130,-0.098732, 0.000000,
         0.006418, 0.996103,-0.087965, 0.000000,
         0.099678, 0.086892, 0.991218, 0.000000,
        -0.370281,62.689480, 6.704151, 1.000000;;
      }
      Frame Armature_mixamorig_BackCloth1 {
        FrameTransformMatrix {
          -0.000002,-1.000000,-0.000000, 0.000000,
           1.000000,-0.000002,-0.000000, 0.000000,
           0.000000, 0.000000, 1.000000, 0.000000,
           0.000000,-5.419196,-29.327000, 1.000000;;
        }
        Frame Armature_mixamorig_BackCloth2 {
          FrameTransformMatrix {
             1.000000, 0.000000,-0.000000, 0.000000,
             0.000000, 1.000000,-0.000000, 0.000000,
            -0.000000, 0.000000, 1.000000, 0.000000,
            15.308599, 0.000001, 0.000001, 1.000000;;
          }
          Frame Armature_mixamorig_BackCloth3 {
            FrameTransformMatrix {
               1.000000, 0.000000,-0.000000, 0.000000,
               0.000000, 1.000000,-0.000000, 0.000000,
              -0.000000, 0.000000, 1.000000, 0.000000,
              17.777098, 0.000002, 0.000004, 1.000000;;
            }
            Frame Armature_mixamorig_BackCloth4 {
              FrameTransformMatrix {
                 1.000000, 0.000000,-0.000000, 0.000000,
                 0.000000, 1.000000,-0.000000, 0.000000,
                -0.000000, 0.000000, 1.000000, 0.000000,
                15.545398, 0.000002, 0.000001, 1.000000;;
              }
            } // End of Armature_mixamorig_BackCloth4
          } // End of Armature_mixamorig_BackCloth3
        } // End of Armature_mixamorig_BackCloth2
      } // End of Armature_mixamorig_BackCloth1
      Frame Armature_mixamorig_FrontCloth1 {
        FrameTransformMatrix {
           1.000000,-0.000002,-0.000000, 0.000000,
          -0.000002,-1.000000,-0.000000, 0.000000,
          -0.000000,-0.000000,-1.000000, 0.000000,
           0.000000,-19.940704,22.170198, 1.000000;;
        }
        Frame Armature_mixamorig_FrontCloth2 {
          FrameTransformMatrix {
            -1.000000, 0.000000, 0.000000, 0.000000,
            -0.000000, 1.000000, 0.000000, 0.000000,
            -0.000000, 0.000000,-1.000000, 0.000000,
             0.000000,10.763291, 0.000002, 1.000000;;
          }
          Frame Armature_mixamorig_FrontCloth3 {
            FrameTransformMatrix {
              -1.000000, 0.000000,-0.000000, 0.000000,
              -0.000000, 1.000000,-0.000000, 0.000000,
               0.000000,-0.000000,-1.000000, 0.000000,
              -0.000000,13.749506, 0.000000, 1.000000;;
            }
            Frame Armature_mixamorig_FrontCloth4 {
              FrameTransformMatrix {
                 1.000000,-0.000000,-0.000000, 0.000000,
                 0.000000, 1.000000,-0.000000, 0.000000,
                 0.000000, 0.000000, 1.000000, 0.000000,
                 0.000000,14.182597,-0.000002, 1.000000;;
              }
            } // End of Armature_mixamorig_FrontCloth4
          } // End of Armature_mixamorig_FrontCloth3
        } // End of Armature_mixamorig_FrontCloth2
      } // End of Armature_mixamorig_FrontCloth1
      Frame Armature_mixamorig_LeftUpLeg {
        FrameTransformMatrix {
          -0.778704,-0.524519, 0.344240, 0.000000,
           0.542681,-0.287785, 0.789099, 0.000000,
          -0.314830, 0.801287, 0.508746, 0.000000,
          19.899094,-7.885098,-3.429500, 1.000000;;
        }
        Frame Armature_mixamorig_LeftLeg {
          FrameTransformMatrix {
             0.925917,-0.322615, 0.196465, 0.000000,
             0.050751,-0.409151,-0.911054, 0.000000,
             0.374303, 0.853531,-0.362467, 0.000000,
             0.000008,38.282909, 0.000001, 1.000000;;
          }
          Frame Armature_mixamorig_LeftFoot {
            FrameTransformMatrix {
               0.964150,-0.026680,-0.264012, 0.000000,
               0.264116, 0.192549, 0.945075, 0.000000,
               0.025621,-0.980925, 0.192692, 0.000000,
               0.000000,32.683983, 0.000001, 1.000000;;
            }
            Frame Armature_mixamorig_LeftToeBase {
              FrameTransformMatrix {
                 0.974383,-0.123212,-0.188142, 0.000000,
                 0.223260, 0.429201, 0.875181, 0.000000,
                -0.027082,-0.894766, 0.445714, 0.000000,
                 0.000004,27.100004, 0.000000, 1.000000;;
              }
              Frame Armature_mixamorig_LeftToe_End {
                FrameTransformMatrix {
                   1.000000, 0.000000, 0.000000, 0.000000,
                  -0.000000, 1.000000,-0.000000, 0.000000,
                  -0.000000, 0.000000, 1.000000, 0.000000,
                   0.000003,16.631992, 0.000000, 1.000000;;
                }
              } // End of Armature_mixamorig_LeftToe_End
            } // End of Armature_mixamorig_LeftToeBase
          } // End of Armature_mixamorig_LeftFoot
        } // End of Armature_mixamorig_LeftLeg
      } // End of Armature_mixamorig_LeftUpLeg
      Frame Armature_mixamorig_RightUpLeg {
        FrameTransformMatrix {
          -0.767177, 0.445874,-0.461124, 0.000000,
          -0.635404,-0.429914, 0.641431, 0.000000,
           0.087754, 0.785092, 0.613128, 0.000000,
          -19.899097,-7.884998,-3.429502, 1.000000;;
        }
        Frame Armature_mixamorig_RightLeg {
          FrameTransformMatrix {
             0.951241, 0.304496,-0.049220, 0.000000,
             0.088606,-0.422605,-0.901972, 0.000000,
            -0.295447, 0.853632,-0.428979, 0.000000,
            -0.000001,38.282917, 0.000001, 1.000000;;
          }
          Frame Armature_mixamorig_RightFoot {
            FrameTransformMatrix {
               0.969660, 0.155614, 0.188528, 0.000000,
              -0.193615, 0.018066, 0.980911, 0.000000,
               0.149238,-0.987653, 0.047647, 0.000000,
              -0.000000,32.684059,-0.000000, 1.000000;;
            }
            Frame Armature_mixamorig_RightToeBase {
              FrameTransformMatrix {
                 0.962636, 0.265960, 0.050955, 0.000000,
                -0.167961, 0.438806, 0.882745, 0.000000,
                 0.212415,-0.858321, 0.467082, 0.000000,
                 0.000000,27.100012,-0.000003, 1.000000;;
              }
              Frame Armature_mixamorig_RightToe_End {
                FrameTransformMatrix {
                   1.000000,-0.000000,-0.000000, 0.000000,
                   0.000000, 1.000000, 0.000000, 0.000000,
                   0.000000,-0.000000, 1.000000, 0.000000,
                  -0.000000,16.631945,-0.000001, 1.000000;;
                }
              } // End of Armature_mixamorig_RightToe_End
            } // End of Armature_mixamorig_RightToeBase
          } // End of Armature_mixamorig_RightFoot
        } // End of Armature_mixamorig_RightLeg
      } // End of Armature_mixamorig_RightUpLeg
      Frame Armature_mixamorig_Spine {
        FrameTransformMatrix {
           0.997114, 0.067410,-0.034926, 0.000000,
          -0.056833, 0.967771, 0.245336, 0.000000,
           0.050339,-0.242643, 0.968809, 0.000000,
           0.000000,13.784795, 0.064399, 1.000000;;
        }
        Frame Armature_mixamorig_Spine1 {
          FrameTransformMatrix {
             0.986798, 0.149209,-0.062977, 0.000000,
            -0.091595, 0.834864, 0.542781, 0.000000,
             0.133565,-0.529847, 0.837510, 0.000000,
             0.000000,12.024294, 0.000001, 1.000000;;
          }
          Frame Armature_mixamorig_Spine2 {
            FrameTransformMatrix {
               0.989504, 0.129759,-0.063598, 0.000000,
              -0.076363, 0.843165, 0.532204, 0.000000,
               0.122682,-0.521761, 0.844224, 0.000000,
               0.000001,17.815804,-0.000001, 1.000000;;
            }
            Frame Armature_mixamorig_LeftShoulder {
              FrameTransformMatrix {
                 0.442490, 0.101161,-0.891049, 0.000000,
                 0.784746, 0.437214, 0.439338, 0.000000,
                 0.434023,-0.893650, 0.114077, 0.000000,
                17.399500,24.614197, 1.157898, 1.000000;;
              }
              Frame Armature_mixamorig_LeftArm {
                FrameTransformMatrix {
                   0.345898, 0.123394, 0.930123, 0.000000,
                  -0.710798, 0.681557, 0.173916, 0.000000,
                  -0.612471,-0.721287, 0.323457, 0.000000,
                  -0.000005,19.910398, 0.000001, 1.000000;;
                }
                Frame Armature_mixamorig_LeftForeArm {
                  FrameTransformMatrix {
                    -0.003480, 0.992983,-0.118210, 0.000000,
                    -0.968720, 0.025985, 0.246793, 0.000000,
                     0.248133, 0.115371, 0.961831, 0.000000,
                    -0.000006,49.301285, 0.000002, 1.000000;;
                  }
                  Frame Armature_mixamorig_LeftHand {
                    FrameTransformMatrix {
                       0.991570, 0.072845,-0.107157, 0.000000,
                      -0.052092, 0.981341, 0.185083, 0.000000,
                       0.118640,-0.177941, 0.976863, 0.000000,
                       0.000001,31.604708, 0.000004, 1.000000;;
                    }
                    Frame Armature_mixamorig_LeftHandIndex1 {
                      FrameTransformMatrix {
                         0.954834, 0.277457,-0.106351, 0.000000,
                        -0.251873, 0.945642, 0.205720, 0.000000,
                         0.157648,-0.169641, 0.972815, 0.000000,
                        -6.192900,21.271084, 0.498711, 1.000000;;
                      }
                      Frame Armature_mixamorig_LeftHandIndex2 {
                        FrameTransformMatrix {
                           0.995849,-0.024319, 0.087709, 0.000000,
                           0.014007, 0.993113, 0.116323, 0.000000,
                          -0.089934,-0.114612, 0.989331, 0.000000,
                          -0.000003, 7.536497, 0.000003, 1.000000;;
                        }
                        Frame Armature_mixamorig_LeftHandIndex3 {
                          FrameTransformMatrix {
                             0.983508, 0.013783, 0.180339, 0.000000,
                            -0.048346, 0.980844, 0.188699, 0.000000,
                            -0.174284,-0.194306, 0.965334, 0.000000,
                            -0.000008, 7.512292, 0.000010, 1.000000;;
                          }
                          Frame Armature_mixamorig_LeftHandIndex4 {
                            FrameTransformMatrix {
                               1.000000,-0.000000, 0.000000, 0.000000,
                               0.000000, 1.000000, 0.000000, 0.000000,
                               0.000000,-0.000000, 1.000000, 0.000000,
                              -0.000001,10.212398,-0.000001, 1.000000;;
                            }
                          } // End of Armature_mixamorig_LeftHandIndex4
                        } // End of Armature_mixamorig_LeftHandIndex3
                      } // End of Armature_mixamorig_LeftHandIndex2
                    } // End of Armature_mixamorig_LeftHandIndex1
                    Frame Armature_mixamorig_LeftHandMiddle1 {
                      FrameTransformMatrix {
                         0.987363,-0.133506, 0.085380, 0.000000,
                         0.101403, 0.946286, 0.307017, 0.000000,
                        -0.121782,-0.294480, 0.947866, 0.000000,
                         0.016500,23.334381, 0.008608, 1.000000;;
                      }
                      Frame Armature_mixamorig_LeftHandMiddle2 {
                        FrameTransformMatrix {
                           0.999563,-0.029192,-0.004659, 0.000000,
                           0.029192, 0.949897, 0.311198, 0.000000,
                          -0.004659,-0.311198, 0.950334, 0.000000,
                          -0.000001, 6.996593, 0.000014, 1.000000;;
                        }
                        Frame Armature_mixamorig_LeftHandMiddle3 {
                          FrameTransformMatrix {
                             0.999518,-0.030632,-0.005144, 0.000000,
                             0.030632, 0.944683, 0.326552, 0.000000,
                            -0.005144,-0.326552, 0.945165, 0.000000,
                             0.000002, 7.016006, 0.000006, 1.000000;;
                          }
                          Frame Armature_mixamorig_LeftHandMiddle4 {
                            FrameTransformMatrix {
                               1.000000, 0.000000,-0.000000, 0.000000,
                              -0.000000, 1.000000, 0.000000, 0.000000,
                               0.000000, 0.000000, 1.000000, 0.000000,
                               0.000000, 7.721599,-0.000015, 1.000000;;
                            }
                          } // End of Armature_mixamorig_LeftHandMiddle4
                        } // End of Armature_mixamorig_LeftHandMiddle3
                      } // End of Armature_mixamorig_LeftHandMiddle2
                    } // End of Armature_mixamorig_LeftHandMiddle1
                    Frame Armature_mixamorig_LeftHandPinky1 {
                      FrameTransformMatrix {
                         0.700541,-0.708544, 0.084896, 0.000000,
                         0.522162, 0.590046, 0.615787, 0.000000,
                        -0.486404,-0.387055, 0.783326, 0.000000,
                        11.443197,18.881187, 0.461808, 1.000000;;
                      }
                      Frame Armature_mixamorig_LeftHandPinky2 {
                        FrameTransformMatrix {
                           0.996627,-0.073770,-0.035962, 0.000000,
                           0.073770, 0.613259, 0.786430, 0.000000,
                          -0.035961,-0.786429, 0.616632, 0.000000,
                           0.000002, 4.919599,-0.000013, 1.000000;;
                        }
                        Frame Armature_mixamorig_LeftHandPinky3 {
                          FrameTransformMatrix {
                             0.997526,-0.065162,-0.026373, 0.000000,
                             0.065162, 0.716377, 0.694664, 0.000000,
                            -0.026373,-0.694663, 0.718851, 0.000000,
                             0.000002, 5.232992,-0.000005, 1.000000;;
                          }
                          Frame Armature_mixamorig_LeftHandPinky4 {
                            FrameTransformMatrix {
                               1.000000,-0.000000, 0.000000, 0.000000,
                               0.000000, 1.000000, 0.000000, 0.000000,
                              -0.000000,-0.000000, 1.000000, 0.000000,
                              -0.000005, 5.571708, 0.000001, 1.000000;;
                            }
                          } // End of Armature_mixamorig_LeftHandPinky4
                        } // End of Armature_mixamorig_LeftHandPinky3
                      } // End of Armature_mixamorig_LeftHandPinky2
                    } // End of Armature_mixamorig_LeftHandPinky1
                    Frame Armature_mixamorig_LeftHandRing1 {
                      FrameTransformMatrix {
                         0.904881,-0.420107, 0.068562, 0.000000,
                         0.348757, 0.824055, 0.446432, 0.000000,
                        -0.244048,-0.380056, 0.892187, 0.000000,
                         6.516899,22.686592, 0.103601, 1.000000;;
                      }
                      Frame Armature_mixamorig_LeftHandRing2 {
                        FrameTransformMatrix {
                           0.997405,-0.066472,-0.027668, 0.000000,
                           0.066472, 0.702448, 0.708624, 0.000000,
                          -0.027668,-0.708624, 0.705043, 0.000000,
                           0.000001, 6.408599,-0.000013, 1.000000;;
                        }
                        Frame Armature_mixamorig_LeftHandRing3 {
                          FrameTransformMatrix {
                             0.999792,-0.020279,-0.002218, 0.000000,
                             0.020279, 0.976141, 0.216188, 0.000000,
                            -0.002219,-0.216188, 0.976349, 0.000000,
                             0.000002, 6.150292, 0.000007, 1.000000;;
                          }
                          Frame Armature_mixamorig_LeftHandRing4 {
                            FrameTransformMatrix {
                               1.000000,-0.000000, 0.000000, 0.000000,
                               0.000000, 1.000000, 0.000000, 0.000000,
                               0.000000,-0.000000, 1.000000, 0.000000,
                               0.000002, 6.145393, 0.000001, 1.000000;;
                            }
                          } // End of Armature_mixamorig_LeftHandRing4
                        } // End of Armature_mixamorig_LeftHandRing3
                      } // End of Armature_mixamorig_LeftHandRing2
                    } // End of Armature_mixamorig_LeftHandRing1
                    Frame Armature_mixamorig_LeftHandThumb1 {
                      FrameTransformMatrix {
                         0.337812, 0.281121, 0.898251, 0.000000,
                        -0.507214, 0.858296,-0.077865, 0.000000,
                        -0.792854,-0.429302, 0.432531, 0.000000,
                        -7.059605, 6.094483, 4.397213, 1.000000;;
                      }
                      Frame Armature_mixamorig_LeftHandThumb2 {
                        FrameTransformMatrix {
                           0.890764,-0.450428, 0.060444, 0.000000,
                           0.450744, 0.858634,-0.244087, 0.000000,
                           0.058044, 0.244669, 0.967868, 0.000000,
                          -0.000007, 7.536494, 0.000005, 1.000000;;
                        }
                        Frame Armature_mixamorig_LeftHandThumb3 {
                          FrameTransformMatrix {
                             0.968282,-0.186621,-0.166141, 0.000000,
                             0.133292, 0.948225,-0.288277, 0.000000,
                             0.211338, 0.256988, 0.943024, 0.000000,
                             0.000009, 7.512297, 0.000001, 1.000000;;
                          }
                          Frame Armature_mixamorig_LeftHandThumb4 {
                            FrameTransformMatrix {
                               1.000000,-0.000000, 0.000000, 0.000000,
                               0.000000, 1.000000, 0.000000, 0.000000,
                              -0.000000,-0.000000, 1.000000, 0.000000,
                               0.000001,10.212402,-0.000002, 1.000000;;
                            }
                          } // End of Armature_mixamorig_LeftHandThumb4
                        } // End of Armature_mixamorig_LeftHandThumb3
                      } // End of Armature_mixamorig_LeftHandThumb2
                    } // End of Armature_mixamorig_LeftHandThumb1
                  } // End of Armature_mixamorig_LeftHand
                } // End of Armature_mixamorig_LeftForeArm
              } // End of Armature_mixamorig_LeftArm
            } // End of Armature_mixamorig_LeftShoulder
            Frame Armature_mixamorig_Neck {
              FrameTransformMatrix {
                 0.988306, 0.119121, 0.095191, 0.000000,
                -0.120607, 0.992650, 0.009992, 0.000000,
                -0.093301,-0.021356, 0.995409, 0.000000,
                 0.000000,39.117599,11.977000, 1.000000;;
              }
              Frame Armature_mixamorig_Head {
                FrameTransformMatrix {
                   0.980502,-0.120950, 0.154879, 0.000000,
                   0.154469, 0.961571,-0.226983, 0.000000,
                  -0.121473, 0.246481, 0.961505, 0.000000,
                   0.000001,14.552505,15.664104, 1.000000;;
                }
                Frame Armature_mixamorig_HeadTop_End {
                  FrameTransformMatrix {
                     1.000000, 0.000000, 0.000000, 0.000000,
                     0.000000, 1.000000,-0.000000, 0.000000,
                     0.000000, 0.000000, 1.000000, 0.000000,
                     0.000000,15.601699, 7.553710, 1.000000;;
                  }
                } // End of Armature_mixamorig_HeadTop_End
                Frame Armature_mixamorig_Jaw {
                  FrameTransformMatrix {
                     1.000000, 0.000000, 0.000000, 0.000000,
                    -0.000000,-0.587429, 0.809276, 0.000000,
                    -0.000000,-0.809276,-0.587429, 0.000000,
                     0.000001,-2.317786, 3.620702, 1.000000;;
                  }
                } // End of Armature_mixamorig_Jaw
                Frame Armature_mixamorig_LeftEye {
                  FrameTransformMatrix {
                     1.000000, 0.000000, 0.000000, 0.000000,
                     0.000000, 1.000000,-0.000000, 0.000000,
                     0.000000, 0.000000, 1.000000, 0.000000,
                     3.528700, 2.462096,12.838210, 1.000000;;
                  }
                } // End of Armature_mixamorig_LeftEye
                Frame Armature_mixamorig_RightEye {
                  FrameTransformMatrix {
                     1.000000, 0.000000, 0.000000, 0.000000,
                     0.000000, 1.000000,-0.000000, 0.000000,
                     0.000000, 0.000000, 1.000000, 0.000000,
                    -3.528701, 2.462105,12.838206, 1.000000;;
                  }
                } // End of Armature_mixamorig_RightEye
              } // End of Armature_mixamorig_Head
            } // End of Armature_mixamorig_Neck
            Frame Armature_mixamorig_RightShoulder {
              FrameTransformMatrix {
                 0.124981,-0.054076, 0.990685, 0.000000,
                -0.904805, 0.403467, 0.136169, 0.000000,
                -0.407072,-0.913395, 0.001497, 0.000000,
                -17.399498,24.614302, 1.157900, 1.000000;;
              }
              Frame Armature_mixamorig_RightArm {
                FrameTransformMatrix {
                   0.649293,-0.479925,-0.589992, 0.000000,
                   0.674476, 0.721819, 0.155110, 0.000000,
                   0.351426,-0.498648, 0.792370, 0.000000,
                  -0.000004,19.910404, 0.000003, 1.000000;;
                }
                Frame Armature_mixamorig_RightArmour1 {
                  FrameTransformMatrix {
                    -0.000000,-1.000000,-0.000001, 0.000000,
                    -0.000000, 0.000001,-1.000000, 0.000000,
                     1.000000,-0.000000,-0.000000, 0.000000,
                    -1.467306, 5.012925,-18.471132, 1.000000;;
                  }
                  Frame Armature_mixamorig_RightArmour2 {
                    FrameTransformMatrix {
                      -0.915901, 0.232054,-0.327534, 0.000000,
                      -0.183487,-0.967759,-0.172553, 0.000000,
                      -0.357018,-0.097943, 0.928950, 0.000000,
                       3.884911,-9.462706,-18.584900, 1.000000;;
                    }
                    Frame Armature_mixamorig_RightArmour3 {
                      FrameTransformMatrix {
                         1.000000, 0.000000, 0.000000, 0.000000,
                        -0.000000, 1.000000, 0.000000, 0.000000,
                        -0.000000,-0.000000, 1.000000, 0.000000,
                         0.000005,11.039505, 0.000002, 1.000000;;
                      }
                    } // End of Armature_mixamorig_RightArmour3
                  } // End of Armature_mixamorig_RightArmour2
                  Frame Armature_mixamorig_RightArmour4 {
                    FrameTransformMatrix {
                       0.708033,-0.251874, 0.659734, 0.000000,
                      -0.431906,-0.893578, 0.122374, 0.000000,
                       0.558701,-0.371588,-0.741469, 0.000000,
                      -2.648895,-11.494596,22.195299, 1.000000;;
                    }
                    Frame Armature_mixamorig_RightArmour5 {
                      FrameTransformMatrix {
                         1.000000, 0.000000, 0.000000, 0.000000,
                        -0.000000, 1.000000, 0.000000, 0.000000,
                        -0.000000,-0.000000, 1.000000, 0.000000,
                        -0.000000,11.039501,-0.000004, 1.000000;;
                      }
                    } // End of Armature_mixamorig_RightArmour5
                  } // End of Armature_mixamorig_RightArmour4
                } // End of Armature_mixamorig_RightArmour1
                Frame Armature_mixamorig_RightForeArm {
                  FrameTransformMatrix {
                     0.182718,-0.923328,-0.337756, 0.000000,
                     0.946258, 0.071913, 0.315315, 0.000000,
                    -0.266850,-0.377218, 0.886847, 0.000000,
                     0.000000,49.301300, 0.000013, 1.000000;;
                  }
                  Frame Armature_mixamorig_RightHand {
                    FrameTransformMatrix {
                       0.989293,-0.118080, 0.085774, 0.000000,
                       0.123793, 0.990201,-0.064638, 0.000000,
                      -0.077301, 0.074564, 0.994216, 0.000000,
                       0.000001,31.604988, 0.000007, 1.000000;;
                    }
                    Frame Armature_mixamorig_RightHandIndex1 {
                      FrameTransformMatrix {
                         0.990851,-0.112526,-0.074509, 0.000000,
                         0.120449, 0.488313, 0.864316, 0.000000,
                        -0.060874,-0.865383, 0.497399, 0.000000,
                         6.192900,21.270998, 0.499001, 1.000000;;
                      }
                      Frame Armature_mixamorig_RightHandIndex2 {
                        FrameTransformMatrix {
                           0.999617, 0.027277, 0.004696, 0.000000,
                          -0.027267, 0.941352, 0.336322, 0.000000,
                           0.004753,-0.336321, 0.941735, 0.000000,
                          -0.000002, 7.536002,-0.000002, 1.000000;;
                        }
                        Frame Armature_mixamorig_RightHandIndex3 {
                          FrameTransformMatrix {
                             0.999677,-0.025400, 0.000125, 0.000000,
                             0.025258, 0.994585, 0.100813, 0.000000,
                            -0.002685,-0.100778, 0.994905, 0.000000,
                            -0.000008, 7.513005, 0.000001, 1.000000;;
                          }
                          Frame Armature_mixamorig_RightHandIndex4 {
                            FrameTransformMatrix {
                               1.000000,-0.000000,-0.000000, 0.000000,
                               0.000000, 1.000000,-0.000000, 0.000000,
                               0.000000, 0.000000, 1.000000, 0.000000,
                              -0.000000,10.212007, 0.000000, 1.000000;;
                            }
                          } // End of Armature_mixamorig_RightHandIndex4
                        } // End of Armature_mixamorig_RightHandIndex3
                      } // End of Armature_mixamorig_RightHandIndex2
                    } // End of Armature_mixamorig_RightHandIndex1
                    Frame Armature_mixamorig_RightHandMiddle1 {
                      FrameTransformMatrix {
                         0.968751, 0.220184,-0.114191, 0.000000,
                        -0.110924, 0.796373, 0.594546, 0.000000,
                         0.221848,-0.563301, 0.795912, 0.000000,
                        -0.016505,23.333992, 0.009002, 1.000000;;
                      }
                      Frame Armature_mixamorig_RightHandMiddle2 {
                        FrameTransformMatrix {
                           0.997591, 0.064446, 0.025685, 0.000000,
                          -0.064446, 0.723790, 0.687004, 0.000000,
                           0.025684,-0.687004, 0.726199, 0.000000,
                           0.000001, 6.996992,-0.000003, 1.000000;;
                        }
                        Frame Armature_mixamorig_RightHandMiddle3 {
                          FrameTransformMatrix {
                             0.999458, 0.032396, 0.005773, 0.000000,
                            -0.032396, 0.937916, 0.345347, 0.000000,
                             0.005773,-0.345347, 0.938457, 0.000000,
                             0.000002, 7.016003, 0.000000, 1.000000;;
                          }
                          Frame Armature_mixamorig_RightHandMiddle4 {
                            FrameTransformMatrix {
                               1.000000,-0.000000, 0.000000, 0.000000,
                              -0.000000, 1.000000,-0.000000, 0.000000,
                              -0.000000, 0.000000, 1.000000, 0.000000,
                              -0.000001, 7.721001, 0.000000, 1.000000;;
                            }
                          } // End of Armature_mixamorig_RightHandMiddle4
                        } // End of Armature_mixamorig_RightHandMiddle3
                      } // End of Armature_mixamorig_RightHandMiddle2
                    } // End of Armature_mixamorig_RightHandMiddle1
                    Frame Armature_mixamorig_RightHandPinky1 {
                      FrameTransformMatrix {
                         0.958431, 0.250238,-0.137079, 0.000000,
                        -0.114233, 0.776782, 0.619322, 0.000000,
                         0.261458,-0.577919, 0.773078, 0.000000,
                        -11.443208,18.881004, 0.462003, 1.000000;;
                      }
                      Frame Armature_mixamorig_RightHandPinky2 {
                        FrameTransformMatrix {
                           0.998777, 0.047687, 0.013034, 0.000000,
                          -0.047687, 0.859827, 0.508354, 0.000000,
                           0.013035,-0.508354, 0.861050, 0.000000,
                          -0.000003, 4.919997, 0.000005, 1.000000;;
                        }
                        Frame Armature_mixamorig_RightHandPinky3 {
                          FrameTransformMatrix {
                             0.997842, 0.061496, 0.023003, 0.000000,
                            -0.061497, 0.752630, 0.655565, 0.000000,
                             0.023002,-0.655565, 0.754788, 0.000000,
                             0.000003, 5.233004,-0.000000, 1.000000;;
                          }
                          Frame Armature_mixamorig_RightHandPinky4 {
                            FrameTransformMatrix {
                               1.000000, 0.000000, 0.000000, 0.000000,
                              -0.000000, 1.000000, 0.000000, 0.000000,
                              -0.000000, 0.000000, 1.000000, 0.000000,
                              -0.000001, 5.571008,-0.000001, 1.000000;;
                            }
                          } // End of Armature_mixamorig_RightHandPinky4
                        } // End of Armature_mixamorig_RightHandPinky3
                      } // End of Armature_mixamorig_RightHandPinky2
                    } // End of Armature_mixamorig_RightHandPinky1
                    Frame Armature_mixamorig_RightHandRing1 {
                      FrameTransformMatrix {
                         0.764054, 0.428446,-0.482344, 0.000000,
                        -0.003276, 0.750211, 0.661191, 0.000000,
                         0.645144,-0.503605, 0.574605, 0.000000,
                        -6.516907,22.686005, 0.103995, 1.000000;;
                      }
                      Frame Armature_mixamorig_RightHandRing2 {
                        FrameTransformMatrix {
                           0.959718, 0.274468, 0.060069, 0.000000,
                          -0.243472, 0.705725, 0.665337, 0.000000,
                           0.140221,-0.653161, 0.744123, 0.000000,
                          -0.000002, 6.408992,-0.000009, 1.000000;;
                        }
                        Frame Armature_mixamorig_RightHandRing3 {
                          FrameTransformMatrix {
                             0.970430, 0.240480,-0.020831, 0.000000,
                            -0.234373, 0.959384, 0.157009, 0.000000,
                             0.057743,-0.147484, 0.987378, 0.000000,
                             0.000000, 6.149998, 0.000002, 1.000000;;
                          }
                          Frame Armature_mixamorig_RightHandRing4 {
                            FrameTransformMatrix {
                               1.000000, 0.000000, 0.000000, 0.000000,
                               0.000000, 1.000000,-0.000000, 0.000000,
                               0.000000,-0.000000, 1.000000, 0.000000,
                               0.000002, 6.146002,-0.000002, 1.000000;;
                            }
                          } // End of Armature_mixamorig_RightHandRing4
                        } // End of Armature_mixamorig_RightHandRing3
                      } // End of Armature_mixamorig_RightHandRing2
                    } // End of Armature_mixamorig_RightHandRing1
                    Frame Armature_mixamorig_RightHandThumb1 {
                      FrameTransformMatrix {
                         0.900404,-0.433605, 0.035490, 0.000000,
                         0.089005, 0.263445, 0.960560, 0.000000,
                        -0.425853,-0.861733, 0.275800, 0.000000,
                         7.059700, 6.094001, 4.396996, 1.000000;;
                      }
                      Frame Armature_mixamorig_RightHandThumb2 {
                        FrameTransformMatrix {
                           0.989431, 0.144748, 0.008610, 0.000000,
                          -0.143600, 0.986365,-0.080389, 0.000000,
                          -0.020129, 0.078303, 0.996726, 0.000000,
                          -0.000001, 7.536310, 0.000002, 1.000000;;
                        }
                        Frame Armature_mixamorig_RightHandThumb3 {
                          FrameTransformMatrix {
                             0.997301, 0.073078, 0.007010, 0.000000,
                            -0.071409, 0.987793,-0.138441, 0.000000,
                            -0.017041, 0.137566, 0.990346, 0.000000,
                             0.000000, 7.512697, 0.000001, 1.000000;;
                          }
                          Frame Armature_mixamorig_RightHandThumb4 {
                            FrameTransformMatrix {
                               1.000000,-0.000001, 0.000002, 0.000000,
                               0.000001, 1.000000, 0.000001, 0.000000,
                              -0.000002,-0.000001, 1.000000, 0.000000,
                               0.000001,10.212720,-0.000002, 1.000000;;
                            }
                          } // End of Armature_mixamorig_RightHandThumb4
                        } // End of Armature_mixamorig_RightHandThumb3
                      } // End of Armature_mixamorig_RightHandThumb2
                    } // End of Armature_mixamorig_RightHandThumb1
                  } // End of Armature_mixamorig_RightHand
                } // End of Armature_mixamorig_RightForeArm
              } // End of Armature_mixamorig_RightArm
            } // End of Armature_mixamorig_RightShoulder
          } // End of Armature_mixamorig_Spine2
        } // End of Armature_mixamorig_Spine1
      } // End of Armature_mixamorig_Spine
    } // End of Armature_mixamorig_Hips
  } // End of Armature
} // End of Root
AnimationSet Global {
  Animation {
    {Armature}
    AnimationKey { // Rotation
      0;
      139;
      0;4;-0.707107, 0.707107, 0.000000, 0.000000;;,
      1;4;-0.707107, 0.707107, 0.000000, 0.000000;;,
      2;4;-0.707107, 0.707107, 0.000000, 0.000000;;,
      3;4;-0.707107, 0.707107, 0.000000, 0.000000;;,
      4;4;-0.707107, 0.707107, 0.000000, 0.000000;;,
      5;4;-0.707107, 0.707107, 0.000000, 0.000000;;,
      6;4;-0.707107, 0.707107, 0.000000, 0.000000;;,
      7;4;-0.707107, 0.707107, 0.000000, 0.000000;;,
      8;4;-0.707107, 0.707107, 0.000000, 0.000000;;,
      9;4;-0.707107, 0.707107, 0.000000, 0.000000;;,
      10;4;-0.707107, 0.707107, 0.000000, 0.000000;;,
      11;4;-0.707107, 0.707107, 0.000000, 0.000000;;,
      12;4;-0.707107, 0.707107, 0.000000, 0.000000;;,
      13;4;-0.707107, 0.707107, 0.000000, 0.000000;;,
      14;4;-0.707107, 0.707107, 0.000000, 0.000000;;,
      15;4;-0.707107, 0.707107, 0.000000, 0.000000;;,
      16;4;-0.707107, 0.707107, 0.000000, 0.000000;;,
      17;4;-0.707107, 0.707107, 0.000000, 0.000000;;,
      18;4;-0.707107, 0.707107, 0.000000, 0.000000;;,
      19;4;-0.707107, 0.707107, 0.000000, 0.000000;;,
      20;4;-0.707107, 0.707107, 0.000000, 0.000000;;,
      21;4;-0.707107, 0.707107, 0.000000, 0.000000;;,
      22;4;-0.707107, 0.707107, 0.000000, 0.000000;;,
      23;4;-0.707107, 0.707107, 0.000000, 0.000000;;,
      24;4;-0.707107, 0.707107, 0.000000, 0.000000;;,
      25;4;-0.707107, 0.707107, 0.000000, 0.000000;;,
      26;4;-0.707107, 0.707107, 0.000000, 0.000000;;,
      27;4;-0.707107, 0.707107, 0.000000, 0.000000;;,
      28;4;-0.707107, 0.707107, 0.000000, 0.000000;;,
      29;4;-0.707107, 0.707107, 0.000000, 0.000000;;,
      30;4;-0.707107, 0.707107, 0.000000, 0.000000;;,
      31;4;-0.707107, 0.707107, 0.000000, 0.000000;;,
      32;4;-0.707107, 0.707107, 0.000000, 0.000000;;,
      33;4;-0.707107, 0.707107, 0.000000, 0.000000;;,
      34;4;-0.707107, 0.707107, 0.000000, 0.000000;;,
      35;4;-0.707107, 0.707107, 0.000000, 0.000000;;,
      36;4;-0.707107, 0.707107, 0.000000, 0.000000;;,
      37;4;-0.707107, 0.707107, 0.000000, 0.000000;;,
      38;4;-0.707107, 0.707107, 0.000000, 0.000000;;,
      39;4;-0.707107, 0.707107, 0.000000, 0.000000;;,
      40;4;-0.707107, 0.707107, 0.000000, 0.000000;;,
      41;4;-0.707107, 0.707107, 0.000000, 0.000000;;,
      42;4;-0.707107, 0.707107, 0.000000, 0.000000;;,
      43;4;-0.707107, 0.707107, 0.000000, 0.000000;;,
      44;4;-0.707107, 0.707107, 0.000000, 0.000000;;,
      45;4;-0.707107, 0.707107, 0.000000, 0.000000;;,
      46;4;-0.707107, 0.707107, 0.000000, 0.000000;;,
      47;4;-0.707107, 0.707107, 0.000000, 0.000000;;,
      48;4;-0.707107, 0.707107, 0.000000, 0.000000;;,
      49;4;-0.707107, 0.707107, 0.000000, 0.000000;;,
      50;4;-0.707107, 0.707107, 0.000000, 0.000000;;,
      51;4;-0.707107, 0.707107, 0.000000, 0.000000;;,
      52;4;-0.707107, 0.707107, 0.000000, 0.000000;;,
      53;4;-0.707107, 0.707107, 0.000000, 0.000000;;,
      54;4;-0.707107, 0.707107, 0.000000, 0.000000;;,
      55;4;-0.707107, 0.707107, 0.000000, 0.000000;;,
      56;4;-0.707107, 0.707107, 0.000000, 0.000000;;,
      57;4;-0.707107, 0.707107, 0.000000, 0.000000;;,
      58;4;-0.707107, 0.707107, 0.000000, 0.000000;;,
      59;4;-0.707107, 0.707107, 0.000000, 0.000000;;,
      60;4;-0.707107, 0.707107, 0.000000, 0.000000;;,
      61;4;-0.707107, 0.707107, 0.000000, 0.000000;;,
      62;4;-0.707107, 0.707107, 0.000000, 0.000000;;,
      63;4;-0.707107, 0.707107, 0.000000, 0.000000;;,
      64;4;-0.707107, 0.707107, 0.000000, 0.000000;;,
      65;4;-0.707107, 0.707107, 0.000000, 0.000000;;,
      66;4;-0.707107, 0.707107, 0.000000, 0.000000;;,
      67;4;-0.707107, 0.707107, 0.000000, 0.000000;;,
      68;4;-0.707107, 0.707107, 0.000000, 0.000000;;,
      69;4;-0.707107, 0.707107, 0.000000, 0.000000;;,
      70;4;-0.707107, 0.707107, 0.000000, 0.000000;;,
